 7; 85.71; 14.29; .0427; .0036
 8; 75; 12.5; .0428; .0216
 9; 44.44; 55.56; .0498; .0347
 5; 20; 60; .0579; .0422
 6; 16.67; 83.33; .0869; .0622
 3; 0; 100; 0; .0397
 1; 0; 100; 0; .0108
 9; 66.67; 33.33; .0307; .0301
 10; 60; 40; .0524; .0407
 10; 50; 50; .0382; .052
 2; 50; 50; .0253; .0542
 1; 100; 0; .0686; 0


 2; 50; 50; .1015; .036
 10; 60; 40; .047; .0506
 15; 66.67; 33.33; .0349; .026
 9; 33.33; 66.67; .064; .0217
 6; 83.33; 16.67; .0225; .054
 1; 0; 100; 0; .0253




 1; 0; 100; 0; .0361
 4; 50; 50; .0595; .0307

 1; 0; 100; 0; .0288







 3; 33.33; 66.67; .0145; .0361
 3; 33.33; 33.33; .0144; .0216








 3; 33.33; 66.67; .1632; .0306
 6; 83.33; 16.67; .0354; .036
 15; 53.33; 46.67; .0416; .0527
 7; 57.14; 42.86; .0253; .0505
 2; 50; 50; .0614; .0144
 4; 25; 75; .0975; .0349
 5; 20; 80; .0072; .1064



 1; 0; 100; 0; .0614






 3; 0; 100; 0; .0326
 1; 0; 100; 0; .0506


 1; 0; 100; 0; .018
 2; 50; 50; .0252; .0398
 1; 0; 100; 0; .0109



 3; 66.67; 33.33; .0126; .0543

 6; 33.33; 66.67; .0217; .0406
 11; 27.27; 72.73; .0314; .0673
 32; 46.88; 53.12; .0515; .0523
 29; 34.48; 65.52; .0509; .0498
 19; 26.32; 73.68; .0325; .0534
 9; 44.44; 44.44; .0389; .0696
 9; 44.44; 55.56; .056; .039
 1; 100; 0; .0253; 0
 1; 0; 100; 0; .036
 9; 33.33; 44.44; .0578; .0642
 9; 66.67; 33.33; .0591; .0494
 17; 70.59; 29.41; .0313; .0498
 36; 63.89; 33.33; .04; .0389
 27; 59.26; 37.04; .0262; .0614
 16; 37.5; 62.5; .0422; .0268
 3; 66.67; 33.33; .0434; .0361
 2; 50; 50; .083; .0975
 1; 0; 100; 0; .0289
 3; 66.67; 33.33; .0181; .0615
 3; 33.33; 66.67; .1119; .0362
 8; 37.5; 62.5; .0386; .0477
 5; 40; 60; .0468; .0469
 6; 50; 50; .0421; .0421
 2; 0; 100; 0; .0108
 1; 100; 0; .0217; 0
 1; 0; 0; 0; 0
 1; 0; 100; 0; .0361
 2; 0; 100; 0; .0289
 4; 0; 75; 0; .0289
 10; 50; 50; .0558; .0289
 4; 75; 25; .1113; .0144
 5; 80; 20; .0889; .0108
 2; 100; 0; .0778; 0
 1; 100; 0; .072; 0
 1; 100; 0; .0468; 0
 1; 100; 0; .0181; 0

 1; 0; 100; 0; .0181




 2; 0; 100; 0; .0505
 2; 50; 50; .018; .0615
 4; 75; 25; .0253; .0217
 8; 50; 50; .0551; .0397
 8; 87.5; 12.5; .0419; .036
 5; 80; 20; .0398; .0505
 1; 100; 0; .0289; 0
 1; 100; 0; .0721; 0
 3; 100; 0; .0565; 0
 2; 50; 50; .0505; .018
 2; 50; 50; .0469; .0108
 2; 0; 50; 0; .0867











 3; 33.33; 66.67; .018; .0434
 3; 66.67; 33.33; .0361; .0253
 10; 70; 30; .0449; .0446
 14; 64.29; 35.71; .0466; .0456
 13; 46.15; 53.85; .0217; .0263
 10; 30; 70; .0181; .0413
 6; 83.33; 16.67; .0383; .036
 3; 100; 0; .065; 0
 3; 100; 0; .0373; 0

 1; 0; 100; 0; .0434
 1; 0; 100; 0; .0289
 5; 20; 80; .0651; .0534
 8; 62.5; 37.5; .0469; .0325
 7; 28.57; 71.43; .0937; .0434
 2; 0; 100; 0; .0308
 6; 33.33; 66.67; .0703; .0316
 2; 50; 50; .0541; .0145
 1; 100; 0; .036; 0
 1; 100; 0; .0829; 0

 3; 66.67; 33.33; .0217; .018
 3; 66.67; 33.33; .0598; .0433
 9; 77.78; 22.22; .0548; .0853
 17; 58.82; 35.29; .0372; .0435
 29; 68.97; 31.03; .0351; .0498
 27; 70.37; 29.63; .0401; .0308
 30; 60; 36.67; .0375; .0296
 25; 68; 32; .0504; .0474
 15; 60; 40; .0504; .0169
 10; 50; 40; .0798; .0353
 5; 80; 20; .0398; .0506
 4; 75; 25; .0218; .0072
 8; 50; 37.5; .0534; .0445
 10; 50; 50; .0231; .0296
 10; 40; 60; .0371; .0355
 10; 50; 50; .0275; .0498
 7; 85.71; 14.29; .0451; .0545
 4; 75; 25; .0229; .0361
 5; 60; 40; .0821; .0235
 1; 0; 100; 0; .0288


 1; 100; 0; .0109; 0
 5; 60; 40; .0566; .0433
 7; 28.57; 71.43; .085; .0693
 5; 20; 80; .0578; .0451
 1; 100; 0; .0506; 0
 2; 50; 0; .1266; 0







 1; 0; 100; 0; .054


 1; 100; 0; .0072; 0
 2; 0; 50; 0; .0072
 3; 66.67; 33.33; .0327; .0252
 4; 75; 25; .0663; .0252
 3; 66.67; 33.33; .0452; .0181
 5; 40; 60; .0271; .0302
 2; 50; 50; .0432; .0432
 2; 100; 0; .0163; 0

 2; 0; 100; 0; .0163
 1; 0; 100; 0; .0577
 1; 0; 100; 0; .036











 1; 0; 100; 0; .1159

 1; 100; 0; .0109; 0
 1; 100; 0; .029; 0
 3; 66.67; 33.33; .0253; .0832
 5; 80; 20; .0226; .0615
 4; 25; 75; .1119; .0302
 5; 40; 60; .0542; .0686
 4; 25; 75; .0797; .0553
 3; 33.33; 66.67; .0145; .0904
 2; 0; 100; 0; .0272
 2; 0; 50; 0; .1191
 4; 0; 100; 0; .0316
 2; 0; 100; 0; .0505

 1; 100; 0; .029; 0






 1; 100; 0; .1265; 0
 1; 100; 0; .1228; 0





 1; 100; 0; .036; 0
 1; 100; 0; .018; 0
 2; 0; 100; 0; .0761
 4; 25; 75; .0181; .0447
 4; 50; 50; .0308; .0544
 3; 66.67; 33.33; .0435; .0181
 2; 50; 50; .0255; .0543
 1; 0; 0; 0; 0
 2; 50; 50; .0507; .0543
 2; 100; 0; .0416; 0
 4; 50; 50; .0634; .0307
 1; 100; 0; .0364; 0
 3; 33.33; 66.67; .0364; .0163
 1; 0; 100; 0; .0254







 3; 33.33; 66.67; .0433; .0217
 2; 50; 50; .0361; .0506



 4; 50; 50; .0236; .0198
 6; 16.67; 83.33; .0253; .0397
 2; 50; 50; .1081; .0793
 6; 50; 50; .0361; .0432
 1; 100; 0; .0361; 0


 1; 100; 0; .0145; 0
 1; 100; 0; .0217; 0
 2; 100; 0; .0217; 0
 1; 0; 100; 0; .0253









 2; 100; 0; .0127; 0
 2; 100; 0; .0254; 0


 1; 0; 100; 0; .0722
 1; 0; 100; 0; .0397






 1; 0; 100; 0; .0072
 1; 100; 0; .0469; 0

 2; 0; 100; 0; .0416
 7; 0; 71.43; 0; .0449
 6; 33.33; 66.67; .0487; .0442
 10; 60; 40; .0252; .0208
 8; 37.5; 62.5; .0517; .0361

 1; 0; 100; 0; .0361
 2; 50; 50; .036; .0253
 6; 50; 33.33; .0384; .0397
 7; 57.14; 42.86; .0505; .0687
 2; 50; 50; .1088; .0905


 1; 100; 0; .0725; 0
 3; 33.33; 33.33; .1015; .0506







 2; 50; 50; .0108; .0253

 1; 100; 0; .029; 0
 1; 100; 0; .0616; 0




 1; 0; 100; 0; .0831
 1; 0; 100; 0; .0432
 3; 0; 100; 0; .0722


 1; 0; 100; 0; .0396
 3; 100; 0; .0361; 0
 1; 0; 100; 0; .0721
 4; 25; 50; .0144; .0362
 2; 50; 50; .029; .0255

 1; 100; 0; .0364; 0



 1; 0; 100; 0; .0614
 1; 100; 0; .0725; 0
 5; 40; 60; .0344; .0759
 7; 71.43; 28.57; .0325; .0361
 5; 40; 60; .065; .0289
 13; 53.85; 38.46; .0299; .0771
 5; 60; 40; .0649; .0505
 2; 100; 0; .0634; 0
 2; 0; 50; 0; .0398
 7; 28.57; 57.14; .0595; .0289
 4; 25; 75; .0901; .0241
 15; 60; 40; .0301; .0272
 8; 37.5; 62.5; .0471; .0361
 12; 50; 50; .0265; .0265
 8; 25; 75; .0579; .0307
 5; 40; 60; .0398; .0723
 4; 75; 25; .0373; .0218
 8; 50; 50; .0289; .0371
 10; 60; 40; .0548; .0515
 6; 50; 33.33; .0543; .0382
 3; 33.33; 66.67; .0072; .0399
 4; 50; 50; .0451; .0326
 2; 50; 50; .036; .1198




 1; 100; 0; .0254; 0
 1; 100; 0; .0109; 0
 3; 33.33; 66.67; .0145; .0307
 2; 50; 0; .0109; 0
 1; 100; 0; .0109; 0
 1; 0; 100; 0; .0795
 1; 0; 100; 0; .1012
 1; 0; 100; 0; .1012




















 1; 100; 0; .029; 0


 1; 0; 100; 0; .0758
 1; 100; 0; .0146; 0
 5; 80; 20; .0426; .0181
 5; 40; 60; .0362; .0302
 4; 50; 25; .0182; .0867
 2; 0; 100; 0; .0596
 7; 28.57; 57.14; .065; .0361
 4; 25; 75; .1083; .0518
 5; 80; 20; .0289; .0796
 6; 66.67; 33.33; .0525; .0199
 8; 100; 0; .0557; 0
 18; 44.44; 55.56; .0361; .0326
 21; 38.1; 57.14; .0375; .0479
 24; 58.33; 41.67; .0305; .046
 22; 68.18; 31.82; .0429; .0306
 18; 61.11; 33.33; .0336; .0682
 11; 36.36; 63.64; .0271; .034
 2; 50; 50; .0217; .0361


 1; 0; 100; 0; .0217
 4; 75; 25; .0518; .0937
 15; 40; 60; .0554; .0502
 15; 53.33; 40; .0388; .0529
 4; 50; 50; .056; .0397
 1; 100; 0; .0613; 0


 1; 0; 100; 0; .0144
 6; 33.33; 50; .0199; .0688
 8; 50; 37.5; .0351; .058
 6; 50; 50; .0265; .035
 15; 46.67; 53.33; .0408; .0339
 12; 83.33; 16.67; .0416; .0671
 6; 50; 50; .0447; .0409
 3; 66.67; 33.33; .0435; .0507
 1; 0; 100; 0; .0579

 2; 100; 0; .0362; 0

 1; 0; 100; 0; .0145
 1; 0; 100; 0; .0145
 1; 0; 0; 0; 0
 4; 50; 50; .0433; .0289
 6; 16.67; 83.33; .0144; .0275
 12; 25; 66.67; .0589; .0415
 17; 29.41; 70.59; .0577; .0481
 16; 37.5; 62.5; .0614; .0602
 15; 40; 53.33; .0446; .0454
 7; 28.57; 71.43; .0614; .0216
 5; 40; 60; .0416; .0361
 1; 0; 100; 0; .0144


 1; 100; 0; .0181; 0
 1; 0; 100; 0; .0253
 6; 83.33; 16.67; .0414; .0145
 3; 33.33; 66.67; .0473; .0505
 2; 50; 50; .0072; .0217






 1; 0; 100; 0; .0362


 2; 50; 50; .0145; .0473





 1; 100; 0; .0181; 0
 8; 37.5; 62.5; .0521; .0354
 9; 66.67; 33.33; .0362; .0241
 10; 70; 30; .0346; .053
 1; 100; 0; .0544; 0

 5; 60; 40; .0856; .0852
 14; 42.86; 42.86; .0423; .0495
 25; 52; 48; .0426; .047
 28; 67.86; 32.14; .0362; .0474
 36; 66.67; 30.56; .0398; .0386
 44; 56.82; 40.91; .0476; .0425
 46; 54.35; 45.65; .0386; .0358
 28; 53.57; 46.43; .0386; .0373
 12; 66.67; 33.33; .0448; .0379
 5; 60; 40; .0351; .0613
 4; 25; 50; .0975; .0613
 2; 50; 50; .083; .072
 1; 100; 0; .0361; 0
 1; 100; 0; .0289; 0
 2; 0; 100; 0; .0109
 4; 50; 50; .0199; .0525
 1; 0; 100; 0; .0797






 2; 50; 50; .0036; .0108
 2; 50; 50; .0978; .018
 2; 50; 50; .047; .054

 1; 0; 100; 0; .0361
 1; 100; 0; .0724; 0

 5; 40; 40; .0397; .0272
 19; 73.68; 21.05; .0447; .0434
 22; 36.36; 63.64; .0394; .0368
 28; 42.86; 57.14; .0341; .0326
 31; 61.29; 38.71; .0322; .0302
 44; 54.55; 43.18; .0439; .0399
 55; 60; 40; .0416; .0357
 45; 57.78; 42.22; .0353; .0417
 26; 50; 50; .0362; .0401
 5; 60; 40; .0277; .0307
 1; 0; 100; 0; .0361
 3; 33.33; 33.33; .0289; .0289
 1; 100; 0; .0108; 0
 1; 100; 0; .0108; 0
 1; 100; 0; .1086; 0
 4; 75; 25; .0483; .0507
 1; 100; 0; .0181; 0
 1; 100; 0; .0109; 0

 1; 0; 0; 0; 0
 2; 50; 50; .0435; .0361
 1; 100; 0; .0289; 0
 9; 55.56; 44.44; .0455; .0199
 20; 60; 40; .038; .0529
 18; 55.56; 44.44; .0415; .0344
 15; 46.67; 53.33; .0381; .0371
 22; 68.18; 31.82; .0516; .0326
 17; 52.94; 47.06; .0338; .0349
 18; 61.11; 38.89; .0329; .0398
 7; 85.71; 14.29; .0429; .0253
 1; 100; 0; .0543; 0
 1; 100; 0; .0796; 0
 1; 100; 0; .0905; 0
 2; 50; 50; .1014; .0719
 3; 66.67; 0; .0922; 0
 4; 50; 25; .0289; .1442
 1; 0; 100; 0; .0793





 1; 0; 100; 0; .0254
 2; 0; 100; 0; .047
 3; 0; 66.67; 0; .0416
 1; 0; 100; 0; .0253
 10; 60; 40; .0217; .0271
 24; 50; 50; .0455; .032
 21; 71.43; 23.81; .0454; .0401
 21; 71.43; 28.57; .029; .0187
 11; 45.45; 54.55; .0508; .0253
 8; 75; 25; .0308; .0182
 6; 66.67; 33.33; .0535; .0766
 6; 83.33; 16.67; .0363; .108
 4; 25; 75; .0288; .0636
 1; 0; 100; 0; .018




 1; 0; 100; 0; .0584






 1; 100; 0; .0326; 0




 1; 0; 100; 0; .0362
 1; 0; 100; 0; .0217
 2; 0; 100; 0; .0432
 2; 50; 50; .0686; .0542
 1; 100; 0; .0361; 0
 1; 100; 0; .0289; 0
 9; 44.44; 44.44; .0307; .0327
 23; 52.17; 47.83; .0464; .0458
 16; 75; 25; .0169; .0154
 1; 0; 100; 0; .0181
 1; 0; 100; 0; .0615
 1; 0; 100; 0; .0651
 1; 100; 0; .0578; 0
 1; 0; 100; 0; .0181
 2; 50; 50; .0217; .0109



 1; 100; 0; .0434; 0
 4; 75; 25; .035; .0145










 1; 100; 0; .0289; 0




 1; 100; 0; .0144; 0
 2; 100; 0; .027; 0
 3; 66.67; 33.33; .0505; .0072
 3; 100; 0; .0336; 0
 10; 70; 30; .0469; .0662
 9; 44.44; 44.44; .046; .0468
 5; 60; 40; .0361; .0288
 2; 50; 50; .0615; .0145
 3; 0; 100; 0; .0314
 3; 33.33; 66.67; .0541; .0326
 1; 0; 100; 0; .0072
 1; 0; 100; 0; .018
 2; 50; 50; .0181; .036
 4; 50; 50; .0217; .0306
 7; 57.14; 42.86; .0308; .0457










 1; 0; 100; 0; .0508


 3; 100; 0; .0626; 0
 3; 100; 0; .0494; 0
 2; 50; 50; .0648; .0217
 3; 100; 0; .0278; 0
 3; 66.67; 33.33; .0163; .0036
 8; 50; 50; .0307; .0243
 9; 44.44; 55.56; .0415; .0427
 8; 50; 50; .0559; .0497
 12; 41.67; 58.33; .0578; .0299
 15; 53.33; 46.67; .0456; .0449
 10; 40; 60; .0442; .053
 10; 50; 40; .0587; .0658
 7; 14.29; 85.71; .0579; .0578
 7; 28.57; 71.43; .0724; .0615
 4; 25; 75; .0144; .0277
 4; 25; 50; .0652; .0307
 9; 55.56; 44.44; .0296; .0371
 11; 45.45; 54.55; .0534; .0428
 20; 55; 45; .0476; .061
 11; 36.36; 63.64; .066; .0518
 3; 33.33; 66.67; .0686; .0362
 3; 66.67; 0; .0325; 0

 1; 100; 0; .0036; 0
 2; 50; 50; .0797; .0543
 2; 0; 50; 0; .0108
 1; 0; 100; 0; .0432
 4; 50; 50; .0273; .0432
 7; 28.57; 57.14; .0475; .0658
 12; 41.67; 58.33; .0319; .0557
 8; 50; 50; .0725; .0606
 3; 66.67; 33.33; .0146; .0542
 2; 50; 0; .0036; 0
 1; 0; 100; 0; .018
 2; 50; 50; .0433; .018

 7; 42.86; 57.14; .0673; .0289
 5; 60; 40; .0676; .018
 5; 40; 60; .0472; .0565
 4; 75; 25; .0265; .0579
 3; 0; 100; 0; .0253
 4; 25; 75; .0867; .0169
 2; 50; 50; .0146; .0144
 1; 0; 100; 0; .0292

 2; 0; 100; 0; .0235
 2; 0; 100; 0; .0541



 1; 0; 100; 0; .0506
 2; 0; 100; 0; .0379
 2; 0; 100; 0; .056
 2; 0; 100; 0; .0362
 3; 0; 66.67; 0; .0397
 4; 75; 25; .0266; .0217
 5; 80; 20; .0398; .0649




 1; 0; 100; 0; .0542




 1; 100; 0; .0253; 0
 1; 0; 100; 0; .0253



 2; 50; 50; .0434; .0361
 4; 75; 25; .0434; .0256
 4; 25; 75; .0867; .0304
 4; 50; 50; .0219; .02





 2; 50; 50; .0218; .0291
 1; 0; 100; 0; .0651

 1; 0; 100; 0; .029
 1; 0; 100; 0; .0219
 1; 0; 100; 0; .0621
 4; 25; 75; .0072; .0315
 15; 53.33; 46.67; .037; .028
 14; 57.14; 42.86; .052; .0319
 1; 0; 100; 0; .0252

 1; 100; 0; .0109; 0

 1; 100; 0; .0253; 0
 2; 0; 100; 0; .0396
 1; 0; 100; 0; .0613
 1; 0; 100; 0; .0938

 1; 100; 0; .0722; 0
 1; 0; 100; 0; .0288
 1; 0; 100; 0; .0252
 1; 100; 0; .0145; 0
 1; 0; 100; 0; .0471
 1; 0; 100; 0; .0507
 1; 0; 100; 0; .0584







 1; 0; 100; 0; .0181
 2; 50; 50; .0218; .0362
 3; 100; 0; .0337; 0
 2; 100; 0; .0398; 0
 1; 100; 0; .0615; 0
 2; 50; 0; .0542; 0


 4; 25; 75; .101; .0763
 4; 25; 75; .0292; .075
 12; 41.67; 50; .0391; .0477
 6; 50; 33.33; .0217; .0127
 2; 0; 100; 0; .0199
 2; 50; 50; .0181; .054
 1; 0; 100; 0; .0108

 1; 0; 100; 0; .0217

 1; 100; 0; .0579; 0
 1; 100; 0; .0507; 0

 3; 66.67; 33.33; .0397; .0216
 4; 25; 50; .0144; .0361
 5; 20; 80; .0432; .0434
 6; 66.67; 33.33; .0333; .0415
 9; 22.22; 77.78; .0433; .0433
 2; 50; 50; .1261; .0145
 3; 33.33; 66.67; .0182; .0289
 1; 0; 100; 0; .036





 2; 0; 100; 0; .0253
 4; 25; 75; .1085; .0314



 1; 100; 0; .0729; 0
 1; 100; 0; .0401; 0
 3; 33.33; 33.33; .0217; .0433
 2; 100; 0; .0236; 0

 1; 0; 100; 0; .0362
 1; 100; 0; .0036; 0
 1; 100; 0; .0397; 0
 2; 0; 50; 0; .0433
 2; 0; 50; 0; .0145
 5; 60; 40; .0507; .0198
 8; 50; 50; .038; .0444
 2; 100; 0; .0542; 0
 1; 100; 0; .0721; 0
 1; 100; 0; .0648; 0








 2; 50; 50; .0109; .0073




 1; 100; 0; .0468; 0
 3; 33.33; 66.67; .0432; .0343
 5; 40; 60; .0163; .0182
 2; 50; 50; .0364; .0073




 1; 0; 100; 0; .054

 2; 50; 50; .0723; .1043
 1; 100; 0; .0253; 0


 1; 100; 0; .0362; 0
 1; 0; 0; 0; 0
 2; 100; 0; .0455; 0
 3; 66.67; 33.33; .0327; .0253
 3; 33.33; 33.33; .0217; .047
 2; 50; 50; .0145; .0434




 3; 66.67; 33.33; .0379; .0542
 6; 50; 50; .0314; .0169
 6; 50; 50; .0229; .0313
 3; 33.33; 33.33; .0907; .0108
 2; 0; 100; 0; .0181
 3; 66.67; 33.33; .0254; .0507
 5; 40; 60; .0162; .0206
 3; 66.67; 33.33; .0218; .0073
 1; 0; 100; 0; .0072
 4; 100; 0; .0579; 0
 3; 66.67; 33.33; .0343; .0216
 2; 0; 100; 0; .0217
 2; 0; 100; 0; .065
 1; 0; 100; 0; .0072
 8; 50; 50; .0235; .0418
 5; 0; 100; 0; .0282










 2; 100; 0; .0434; 0
 3; 66.67; 33.33; .0216; .0145
 10; 40; 60; .0631; .0345
 4; 25; 75; .0073; .023
 8; 12.5; 87.5; .1333; .0347
 6; 33.33; 66.67; .0451; .0263
 2; 50; 50; .0292; .0072
 3; 0; 100; 0; .0228
 1; 0; 100; 0; .0108
 1; 100; 0; .0109; 0








 2; 0; 100; 0; .0434


 1; 100; 0; .0072; 0
 1; 100; 0; .0108; 0

 1; 0; 100; 0; .0217
 2; 100; 0; .0181; 0

 1; 0; 100; 0; .0362

 1; 100; 0; .0217; 0
 2; 50; 50; .0796; .0217
 2; 50; 50; .0289; .0361

 1; 100; 0; .0109; 0
 2; 50; 50; .0828; .0474
 3; 33.33; 66.67; .09; .0455
 5; 40; 60; .0468; .0532
 4; 50; 50; .0397; .0417
 5; 40; 60; .0399; .036
 8; 50; 37.5; .0425; .0581
 10; 50; 40; .0538; .0658
 9; 33.33; 66.67; .057; .0578
 9; 44.44; 55.56; .0681; .0615
 2; 50; 50; .0724; .0721
 2; 50; 50; .0362; .1081
 2; 0; 100; 0; .0669
 2; 0; 100; 0; .0398
 7; 14.29; 71.43; .0181; .0413
 10; 20; 60; .0545; .0441
 17; 58.82; 41.18; .0332; .0477
 18; 55.56; 44.44; .0278; .0502
 28; 57.14; 42.86; .0423; .0362
 19; 52.63; 47.37; .0467; .0387
 16; 68.75; 31.25; .0435; .0428
 6; 66.67; 33.33; .0362; .0522
 2; 50; 50; .0362; .0216
 2; 0; 100; 0; .0381
 1; 0; 100; 0; .0146
 2; 100; 0; .0217; 0




 1; 0; 100; 0; .0433
 1; 0; 100; 0; .0613
 1; 0; 100; 0; .0722
 1; 0; 100; 0; .1083



 1; 0; 100; 0; .0288
 1; 0; 100; 0; .0396


 3; 33.33; 66.67; .0828; .0199
 1; 100; 0; .0144; 0
 5; 20; 60; .0145; .0313
 10; 20; 70; .054; .0469
 12; 25; 66.67; .0288; .037
 10; 30; 70; .0265; .0263
 4; 25; 75; .0507; .0616











 2; 50; 0; .0108; 0
 2; 50; 50; .0253; .0504

 2; 0; 100; 0; .0272
 3; 33.33; 33.33; .0364; .1191
 5; 40; 40; .0272; .0415
 6; 33.33; 50; .0127; .0434
 5; 20; 80; .0072; .03
 6; 66.67; 33.33; .0408; .0506
 8; 75; 25; .043; .0559
 3; 100; 0; .0338; 0

 2; 0; 100; 0; .0543
 16; 50; 50; .0394; .0377
 28; 64.29; 35.71; .0394; .0544
 36; 58.33; 38.89; .0337; .0391
 34; 58.82; 41.18; .0322; .0438
 17; 58.82; 41.18; .0333; .0259
 12; 66.67; 33.33; .0543; .0664
 11; 54.55; 45.45; .035; .0407
 7; 71.43; 28.57; .0398; .0237
 2; 50; 0; .0722; 0
 1; 100; 0; .0108; 0







 1; 0; 100; 0; .0365





 2; 50; 50; .0723; .018
 3; 33.33; 66.67; .036; .0361
 9; 55.56; 44.44; .026; .0388
 17; 35.29; 64.71; .0307; .0478
 4; 75; 25; .0169; .0108
 3; 33.33; 66.67; .0505; .0362
 3; 66.67; 33.33; .0687; .0796

 5; 60; 40; .0181; .038
 4; 25; 75; .1119; .0339
 7; 14.29; 85.71; .0722; .0464
 7; 28.57; 71.43; .0468; .0426
 7; 57.14; 42.86; .0587; .0494
 5; 40; 60; .0309; .0133
 2; 0; 100; 0; .0325
 2; 50; 50; .1166; .0401
 2; 0; 50; 0; .0397
 2; 50; 50; .0073; .0361
 1; 0; 100; 0; .018
 2; 100; 0; .029; 0
 2; 50; 50; .0217; .0072
 2; 100; 0; .0145; 0
 1; 100; 0; .0217; 0
 2; 0; 100; 0; .0145
 1; 100; 0; .0073; 0
 3; 66.67; 33.33; .0325; .0829
 10; 50; 40; .0651; .0181
 8; 50; 50; .0352; .028
 3; 0; 100; 0; .0602
 2; 0; 100; 0; .0235
 2; 0; 100; 0; .02
 4; 25; 50; .0073; .0599
 7; 28.57; 71.43; .0289; .0371
 16; 62.5; 37.5; .0358; .0358
 23; 60.87; 34.78; .0437; .0268
 19; 36.84; 63.16; .0337; .0302
 17; 47.06; 52.94; .0281; .0378
 21; 57.14; 42.86; .0338; .043
 12; 58.33; 41.67; .0358; .0305
 17; 47.06; 47.06; .0494; .0516
 22; 59.09; 40.91; .0366; .0491
 6; 83.33; 16.67; .0298; .08
 8; 62.5; 37.5; .0414; .0493
 3; 0; 100; 0; .0337
 1; 0; 100; 0; .0218


 6; 16.67; 83.33; .0366; .0455
 10; 70; 30; .03; .0397
 8; 50; 50; .0496; .0713
 5; 20; 80; .0144; .0362
 4; 25; 75; .0579; .0492
 4; 50; 50; .0326; .0451
 6; 33.33; 50; .0417; .0374
 9; 33.33; 44.44; .0242; .0642
 11; 27.27; 72.73; .0132; .0463
 25; 56; 44; .0342; .0575
 9; 55.56; 44.44; .0312; .0261
 1; 100; 0; .0364; 0





 1; 100; 0; .0108; 0
 1; 0; 100; 0; .0108
 3; 33.33; 66.67; .0505; .0144
 5; 40; 60; .0362; .0327
 5; 40; 40; .0182; .0743
 3; 0; 100; 0; .0351
 3; 0; 100; 0; .0664
 4; 0; 100; 0; .0435
 2; 0; 100; 0; .0343









 1; 0; 100; 0; .0438
 6; 83.33; 16.67; .0335; .0145
 17; 64.71; 35.29; .0513; .0558
 25; 32; 68; .04; .0305
 23; 52.17; 47.83; .0338; .0418
 8; 75; 25; .0435; .0199
 4; 50; 25; .0524; .0361
 2; 0; 100; 0; .0524
 2; 100; 0; .0218; 0
 6; 66.67; 33.33; .0172; .038
 5; 40; 60; .0669; .0339
 3; 33.33; 66.67; .0507; .0217
 1; 100; 0; .0253; 0
 3; 33.33; 66.67; .0218; .0416
 4; 25; 75; .1083; .0459
 1; 0; 100; 0; .0108
 1; 0; 100; 0; .018
 1; 0; 100; 0; .0108










 1; 100; 0; .0546; 0
 7; 57.14; 42.86; .0498; .0423
 7; 28.57; 71.43; .0397; .0276
 11; 54.55; 45.45; .0392; .0484
 9; 55.56; 44.44; .053; .0479
 4; 50; 50; .0763; .0362
 2; 0; 100; 0; .009
 4; 50; 50; .0235; .0346
 12; 50; 50; .0417; .0272
 28; 60.71; 39.29; .0317; .0408
 35; 60; 40; .041; .0375
 32; 53.12; 43.75; .0379; .0421
 27; 59.26; 40.74; .0467; .0417
 17; 64.71; 35.29; .0406; .0253
 14; 35.71; 64.29; .029; .0385
 9; 55.56; 44.44; .0195; .0435
 1; 0; 100; 0; .0507
 3; 33.33; 66.67; .0401; .0543













 1; 0; 100; 0; .0255
 2; 0; 50; 0; .0613
 6; 33.33; 66.67; .0487; .0425
 6; 33.33; 66.67; .0309; .0136
 4; 0; 100; 0; .0453
 3; 33.33; 66.67; .1166; .0456
 3; 0; 66.67; 0; .0253
 2; 100; 0; .0201; 0
 4; 75; 25; .0448; .018
 2; 100; 0; .06; 0
 2; 50; 50; .018; .0649
 3; 33.33; 66.67; .0474; .0526
 2; 0; 50; 0; .0145
 6; 50; 16.67; .0423; .018
 5; 60; 40; .0229; .0237
 3; 66.67; 0; .0542; 0
 2; 100; 0; .0685; 0

 3; 66.67; 33.33; .0433; .0108
 1; 100; 0; .0108; 0




















 1; 100; 0; .0655; 0
 1; 100; 0; .0437; 0

 2; 50; 50; .011; .0217

 1; 100; 0; .011; 0
 1; 0; 100; 0; .0658
 1; 0; 100; 0; .1368

 1; 0; 100; 0; .0507
 1; 100; 0; .0146; 0
 4; 75; 25; .0423; .0804
 6; 16.67; 83.33; .0613; .0415
 10; 50; 50; .0592; .0667
 11; 54.55; 36.36; .033; .047
 12; 33.33; 66.67; .0361; .0429
 15; 40; 60; .0318; .0562
 5; 40; 60; .056; .0557
 1; 0; 100; 0; .0182

 1; 100; 0; .0362; 0
 2; 0; 100; 0; .0145
 2; 50; 50; .0468; .0145









 1; 100; 0; .0623; 0
 1; 100; 0; .0623; 0
 1; 0; 100; 0; .0217
 1; 0; 100; 0; .0326


 1; 100; 0; .029; 0
 5; 80; 20; .0289; .0728
 7; 57.14; 14.29; .0316; .0651
 10; 60; 40; .0585; .0325
 12; 50; 50; .0343; .0505
 13; 38.46; 61.54; .0268; .028
 4; 50; 50; .02; .0343
 2; 50; 50; .0511; .0432
 1; 100; 0; .0361; 0
 1; 100; 0; .0652; 0

 1; 100; 0; .0254; 0


 2; 50; 50; .0072; .0469


 10; 40; 50; .0319; .0304
 13; 53.85; 46.15; .0315; .0609
 12; 58.33; 41.67; .0294; .0609
 22; 68.18; 31.82; .035; .0435
 24; 50; 45.83; .0386; .0334
 13; 84.62; 15.38; .0395; .0347
 9; 44.44; 55.56; .0455; .0226
 8; 62.5; 37.5; .024; .0315
 15; 60; 40; .033; .0375
 19; 57.89; 42.11; .0395; .0236
 9; 77.78; 22.22; .0404; .0579
 7; 42.86; 57.14; .0399; .0362

 1; 0; 0; 0; 0
 2; 0; 100; 0; .0486






 3; 0; 100; 0; .0625
 4; 25; 75; .0437; .0611
 1; 0; 100; 0; .0792

 1; 0; 100; 0; .0072
 1; 0; 100; 0; .054
 2; 100; 0; .031; 0
 2; 100; 0; .0127; 0
 1; 0; 100; 0; .0217
 2; 50; 50; .0289; .0474

 2; 100; 0; .0164; 0
 3; 66.67; 33.33; .0346; .0145
 1; 100; 0; .0253; 0
 1; 0; 100; 0; .0613

 4; 25; 50; .0795; .0451
 14; 64.29; 28.57; .037; .0427
 12; 41.67; 50; .0181; .026
 6; 50; 50; .0169; .0145
 5; 0; 100; 0; .0428
 3; 33.33; 66.67; .0145; .0759
 1; 100; 0; .0289; 0
 1; 100; 0; .0939; 0

 1; 100; 0; .0289; 0



 1; 100; 0; .0721; 0
 2; 0; 100; 0; .0635
 3; 0; 100; 0; .0423

 1; 100; 0; .0902; 0














 2; 50; 50; .0218; .0546
 1; 100; 0; .0217; 0


 2; 50; 50; .0507; .054
 3; 66.67; 0; .0436; 0
 3; 100; 0; .0255; 0
 3; 100; 0; .0145; 0
 6; 33.33; 66.67; .0507; .021
 3; 33.33; 66.67; .0905; .0384
 5; 40; 60; .0325; .0688
 16; 37.5; 56.25; .0518; .0354
 21; 52.38; 42.86; .0545; .0454
 24; 45.83; 50; .0416; .0532
 17; 23.53; 76.47; .0396; .0458
 5; 40; 60; .0144; .066
 3; 33.33; 66.67; .0686; .0522
 3; 33.33; 66.67; .0622; .0774
 1; 100; 0; .0144; 0



 1; 0; 100; 0; .0801
 4; 50; 50; .0163; .0456
 7; 42.86; 28.57; .0301; .0417
 16; 31.25; 56.25; .0389; .0353
 19; 42.11; 57.89; .0442; .0398
 36; 41.67; 55.56; .0416; .0455
 36; 38.89; 58.33; .0438; .0506
 34; 44.12; 52.94; .0493; .046
 26; 38.46; 57.69; .0408; .0446
 28; 42.86; 57.14; .0391; .0382
 30; 43.33; 53.33; .0454; .0488
 29; 48.28; 48.28; .0457; .0449
 20; 35; 60; .0471; .0442
 15; 40; 53.33; .0345; .047
 9; 22.22; 77.78; .0198; .0346




 1; 0; 100; 0; .0506
 24; 58.33; 37.5; .0397; .0404
 43; 51.16; 46.51; .0378; .038
 33; 57.58; 42.42; .0309; .035
 9; 55.56; 44.44; .045; .0335


 1; 100; 0; .0366; 0


 4; 50; 50; .0471; .0739
 1; 0; 0; 0; 0
 3; 66.67; 33.33; .0272; .0181
 1; 0; 100; 0; .0182







 1; 0; 100; 0; .0506




 2; 100; 0; .02; 0




 1; 100; 0; .0255; 0
 1; 100; 0; .0365; 0
 2; 100; 0; .0255; 0
 5; 20; 80; .0657; .0451
 6; 50; 50; .0436; .0495





 1; 100; 0; .0146; 0
 3; 33.33; 33.33; .0366; .0146



 1; 0; 100; 0; .0037
 1; 100; 0; .0073; 0
 1; 100; 0; .0073; 0






 2; 0; 50; 0; .0255
 6; 33.33; 66.67; .0163; .0282
 3; 33.33; 66.67; .0364; .0146
 3; 66.67; 33.33; .0309; .0146
 1; 0; 100; 0; .0547










 1; 100; 0; .0805; 0




 1; 0; 100; 0; .0073



 1; 100; 0; .0255; 0
 3; 66.67; 33.33; .0182; .0542
 6; 50; 50; .0169; .0145
 3; 66.67; 33.33; .0181; .0217
 2; 50; 50; .0145; .0253
 2; 100; 0; .0723; 0
 1; 100; 0; .0546; 0





 1; 100; 0; .0146; 0
 2; 100; 0; .0236; 0
 3; 66.67; 33.33; .0346; .0146
 3; 33.33; 66.67; .0474; .0308
 1; 0; 100; 0; .0146
 2; 50; 50; .036; .022
 4; 50; 50; .0163; .0217



 2; 50; 50; .0181; .0253
 2; 100; 0; .0126; 0
 2; 100; 0; .0396; 0
 3; 33.33; 66.67; .0433; .0491
 8; 50; 50; .0533; .0433
 9; 33.33; 66.67; .0662; .0265
 2; 50; 0; .0145; 0
 3; 33.33; 66.67; .1568; .0289
 3; 0; 100; 0; .0584
 3; 33.33; 66.67; .0729; .0509
 4; 50; 50; .0633; .0199
 4; 25; 75; .0146; .0145
 7; 28.57; 57.14; .0237; .0462
 7; 57.14; 42.86; .02; .0581
 2; 50; 50; .084; .0362

 8; 37.5; 62.5; .0639; .0452
 11; 27.27; 72.73; .0385; .03
 24; 62.5; 37.5; .0321; .0324
 28; 42.86; 53.57; .0417; .0427
 18; 50; 44.44; .0355; .0422
 6; 33.33; 66.67; .0614; .0281
 1; 0; 100; 0; .0109
 1; 0; 100; 0; .0255
 1; 100; 0; .0365; 0
 4; 50; 50; .049; .0327
 3; 33.33; 66.67; .0364; .0252
 13; 38.46; 61.54; .0523; .0326
 21; 42.86; 57.14; .0359; .0347
 9; 44.44; 44.44; .0182; .0528
 1; 100; 0; .0364; 0
 2; 100; 0; .0674; 0
 3; 66.67; 33.33; .0255; .0362
 5; 40; 60; .0528; .0314
 6; 0; 66.67; 0; .0316
 16; 62.5; 37.5; .0356; .049
 6; 50; 50; .0411; .0506
 4; 75; 25; .0314; .0507
 1; 0; 100; 0; .0579
 1; 100; 0; .04; 0
 3; 66.67; 0; .0399; 0
 3; 33.33; 66.67; .0108; .0417
 3; 33.33; 66.67; .0585; .0199
 2; 50; 50; .0438; .0109

 3; 0; 66.67; 0; .0362
 6; 33.33; 50; .0255; .0314
 4; 50; 50; .04; .0255
 24; 58.33; 41.67; .0428; .0414
 48; 52.08; 45.83; .0322; .0403
 25; 60; 40; .0334; .0503
 13; 61.54; 38.46; .0395; .0442
 8; 62.5; 25; .0551; .0613
 2; 50; 0; .083; 0


 1; 0; 100; 0; .0511
 2; 0; 100; 0; .0328
 3; 33.33; 66.67; .054; .011
 2; 50; 50; .0288; .0219
 1; 0; 100; 0; .0146
 1; 100; 0; .0146; 0
 1; 0; 100; 0; .0182

 3; 33.33; 33.33; .0109; .0255
 4; 75; 25; .0194; .0073
 1; 0; 100; 0; .0362

 1; 0; 100; 0; .011
 1; 100; 0; .0253; 0
 1; 100; 0; .0217; 0
 2; 50; 50; .0145; .0434
 4; 25; 75; .0218; .0486
 5; 20; 80; .0651; .037
 9; 55.56; 44.44; .0557; .0483
 9; 55.56; 33.33; .0464; .0481
 15; 40; 46.67; .037; .0469
 26; 34.62; 53.85; .0541; .0366
 28; 46.43; 50; .0508; .048
 40; 50; 50; .0448; .0427
 30; 50; 50; .0423; .0486
 26; 42.31; 53.85; .0428; .0481
 19; 31.58; 52.63; .0352; .0532
 10; 20; 70; .018; .0421
 5; 20; 80; .0216; .0498
 5; 40; 60; .0487; .0565
 5; 20; 80; .0578; .0606
 2; 0; 100; 0; .0672
 1; 100; 0; .0256; 0
 1; 100; 0; .0256; 0
 1; 0; 100; 0; .0579
 2; 0; 100; 0; .0309
 2; 50; 50; .0289; .0217
 1; 100; 0; .0217; 0
 2; 0; 100; 0; .038
 5; 20; 60; .0328; .0279
 3; 33.33; 66.67; .0146; .0218
 15; 20; 73.33; .0145; .0487
 6; 16.67; 83.33; .0255; .0253
 7; 71.43; 14.29; .0363; .0288
 1; 100; 0; .0218; 0
 1; 100; 0; .0361; 0
 1; 0; 100; 0; .0217
 2; 50; 50; .0217; .0288
 2; 50; 50; .0145; .0721
 1; 100; 0; .0217; 0
 3; 0; 66.67; 0; .0307
 7; 28.57; 71.43; .0541; .0362
 10; 30; 60; .0507; .0433
 15; 53.33; 40; .0497; .0499
 17; 64.71; 35.29; .0413; .0325
 18; 55.56; 44.44; .0458; .0466
 30; 46.67; 46.67; .0407; .0533
 21; 33.33; 57.14; .0341; .0534
 14; 28.57; 57.14; .0317; .0499
 6; 33.33; 66.67; .0363; .0653
 1; 0; 100; 0; .0935
 1; 0; 0; 0; 0
 1; 100; 0; .0108; 0
 3; 66.67; 33.33; .029; .0576
 5; 40; 60; .0326; .0511
 2; 50; 50; .0217; .0657
 1; 0; 100; 0; .0804


 1; 100; 0; .0144; 0

 4; 50; 50; .031; .0163
 3; 66.67; 33.33; .06; .033
 3; 33.33; 66.67; .0437; .0396
 1; 100; 0; .0146; 0
 4; 25; 75; .0218; .0425
 3; 33.33; 66.67; .0109; .0419
 2; 0; 100; 0; .0289
 1; 100; 0; .0145; 0

 2; 0; 100; 0; .0487
 1; 100; 0; .0109; 0
 2; 100; 0; .0146; 0
 3; 33.33; 66.67; .0182; .0289
 1; 100; 0; .0145; 0
 1; 0; 0; 0; 0
 2; 0; 50; 0; .0253
 4; 50; 25; .0724; .0938
 3; 0; 66.67; 0; .056
 1; 100; 0; .0361; 0
 1; 0; 100; 0; .051
 1; 0; 0; 0; 0
 1; 0; 100; 0; .0506





 1; 100; 0; .0648; 0





 1; 0; 100; 0; .0622
 2; 50; 50; .0218; .0622


 2; 0; 100; 0; .0505
 2; 50; 50; .0292; .0541
 2; 100; 0; .0235; 0








 1; 0; 100; 0; .1191
 3; 0; 100; 0; .0373
 5; 60; 40; .0339; .0596
 15; 53.33; 46.67; .0426; .0571
 39; 46.15; 53.85; .0384; .04
 42; 52.38; 47.62; .0379; .037
 52; 46.15; 53.85; .0343; .0351
 55; 47.27; 52.73; .0337; .0416
 32; 56.25; 43.75; .0369; .0487
 14; 78.57; 21.43; .0242; .0762
 4; 75; 25; .0327; .0796


 4; 25; 75; .0108; .034
 18; 55.56; 44.44; .0513; .0452
 21; 47.62; 52.38; .0417; .0405
 6; 16.67; 66.67; .0037; .0255
 5; 0; 100; 0; .0349
 4; 0; 75; 0; .0241
 3; 33.33; 66.67; .036; .0908
 2; 50; 50; .0829; .0218

 1; 0; 100; 0; .109

 1; 0; 100; 0; .0108
 3; 0; 100; 0; .0217
 3; 0; 100; 0; .0362
 1; 100; 0; .0217; 0


 2; 50; 50; .0724; .0144
 4; 0; 100; 0; .038
 19; 42.11; 52.63; .0427; .0413
 37; 56.76; 43.24; .0389; .0334
 32; 50; 50; .0334; .0438
 29; 55.17; 44.83; .0487; .0419
 17; 58.82; 35.29; .0465; .0479
 12; 83.33; 16.67; .0468; .0729
 11; 54.55; 45.45; .0369; .0477
 2; 0; 100; 0; .0236
 4; 0; 100; 0; .0355
 4; 0; 100; 0; .0544
 3; 33.33; 66.67; .0362; .1087
 2; 50; 50; .0289; .0146
 2; 50; 50; .0072; .0255
 1; 100; 0; .0327; 0
 2; 50; 50; .0217; .0548
 5; 20; 80; .1096; .0434
 6; 33.33; 66.67; .0835; .0353
 2; 100; 0; .0292; 0
 1; 100; 0; .0723; 0
 1; 0; 100; 0; .0363
 3; 0; 100; 0; .029

 1; 100; 0; .0722; 0

 1; 100; 0; .0255; 0

 1; 100; 0; .0361; 0

 1; 100; 0; .0622; 0
 2; 50; 50; .0183; .0506


 2; 0; 100; 0; .0512
 1; 0; 100; 0; .0362
 1; 100; 0; .0181; 0




 1; 0; 100; 0; .0218
 1; 0; 100; 0; .0905
 1; 0; 100; 0; .0362
 1; 0; 100; 0; .0724
 2; 50; 50; .0549; .0362
 2; 50; 0; .0728; 0
 4; 50; 50; .0473; .0506
 22; 45.45; 50; .0446; .036
 12; 41.67; 58.33; .0537; .0528
 7; 71.43; 28.57; .0364; .06
 3; 33.33; 33.33; .0543; .0256
 2; 0; 100; 0; .0091
 2; 50; 50; .0073; .0474
 3; 33.33; 33.33; .0434; .0876
 4; 0; 100; 0; .0456
 11; 45.45; 54.55; .0458; .0334
 22; 45.45; 50; .0418; .0459
 23; 65.22; 30.43; .042; .0371
 26; 65.38; 34.62; .0496; .0333
 28; 67.86; 32.14; .0523; .0438
 25; 44; 52; .0454; .049
 4; 25; 75; .0842; .053
 3; 66.67; 33.33; .0493; .0432
 1; 100; 0; .0293; 0
 1; 0; 0; 0; 0
 1; 0; 100; 0; .0576








 1; 100; 0; .0617; 0

 1; 100; 0; .0146; 0


 1; 0; 100; 0; .0365
 1; 100; 0; .0146; 0
 2; 50; 0; .0364; 0
 9; 33.33; 55.56; .0666; .0441
 10; 30; 60; .0545; .0494
 7; 42.86; 57.14; .0349; .0508
 3; 33.33; 66.67; .0219; .0564
 3; 33.33; 66.67; .0256; .0343
 2; 100; 0; .0439; 0
 1; 100; 0; .0183; 0
 4; 50; 50; .0781; .0456
 7; 42.86; 57.14; .0313; .0356
 9; 55.56; 44.44; .0254; .0526
 6; 33.33; 66.67; .0434; .0524
 13; 30.77; 61.54; .029; .0447
 7; 42.86; 57.14; .0327; .0563
 4; 25; 75; .0723; .0495
 2; 100; 0; .0253; 0
 1; 100; 0; .022; 0
 1; 0; 100; 0; .0219
 2; 50; 50; .0256; .0511
 3; 100; 0; .0157; 0
 1; 100; 0; .0217; 0

 2; 100; 0; .0254; 0
 7; 42.86; 42.86; .0242; .0547
 10; 60; 40; .0365; .0388
 21; 47.62; 42.86; .0424; .0281
 3; 66.67; 33.33; .0726; .0219
 1; 0; 100; 0; .062
 3; 0; 66.67; 0; .0326
 4; 25; 75; .0146; .0498





 1; 100; 0; .0292; 0
 3; 0; 33.33; 0; .1191
 5; 60; 20; .0584; .0292
 7; 28.57; 42.86; .0437; .0354
 6; 50; 33.33; .0498; .0272
 3; 0; 66.67; 0; .0963
 2; 50; 50; .0253; .091






 1; 100; 0; .029; 0
 5; 40; 60; .0546; .0628
 8; 37.5; 62.5; .0434; .054
 16; 50; 50; .0367; .0355
 17; 52.94; 47.06; .0402; .0323
 10; 50; 50; .0391; .0429
 11; 72.73; 27.27; .0531; .0753
 9; 66.67; 33.33; .0357; .035
 2; 50; 50; .0146; .0255
 4; 0; 100; 0; .0355
 1; 0; 100; 0; .0875

 1; 100; 0; .0547; 0
 1; 100; 0; .0218; 0









 4; 25; 50; .0828; .0578
 6; 16.67; 66.67; .0614; .0444
 2; 0; 100; 0; .0343
 3; 0; 100; 0; .0724
 4; 50; 50; .0849; .0451

 2; 100; 0; .0487; 0




 1; 100; 0; .0146; 0
 1; 0; 100; 0; .0181
 1; 0; 100; 0; .0219
 3; 33.33; 66.67; .0109; .02
 5; 60; 20; .0158; .0073

 1; 0; 100; 0; .0291

 1; 100; 0; .0255; 0

 2; 50; 0; .0547; 0
 1; 100; 0; .0181; 0
 2; 100; 0; .042; 0
 3; 66.67; 33.33; .0598; .0622
 11; 36.36; 63.64; .0317; .044
 4; 100; 0; .031; 0
 2; 50; 50; .0146; .0937
 2; 100; 0; .0326; 0
 2; 100; 0; .0347; 0
 3; 66.67; 33.33; .0419; .0621

 2; 50; 50; .051; .0219
 1; 100; 0; .0292; 0
 1; 100; 0; .0146; 0


 1; 0; 100; 0; .0146
 1; 100; 0; .0731; 0
 1; 100; 0; .0365; 0

 5; 20; 80; .0219; .0353
 4; 50; 50; .0127; .0726
 4; 25; 75; .0108; .0279
 3; 0; 100; 0; .0471
 3; 0; 100; 0; .0231
 2; 50; 50; .0217; .0254
 1; 0; 100; 0; .0363
 2; 0; 100; 0; .0344
 1; 0; 100; 0; .0721
 3; 33.33; 66.67; .0722; .0527
 2; 50; 50; .0361; .0506

 1; 100; 0; .0145; 0
 1; 0; 0; 0; 0
 4; 75; 25; .0487; .0219
 3; 66.67; 33.33; .0401; .0511
 4; 100; 0; .0364; 0
 2; 100; 0; .0382; 0
 1; 100; 0; .0146; 0
 3; 100; 0; .0267; 0
 3; 66.67; 0; .031; 0
 1; 100; 0; .0218; 0



 1; 100; 0; .0144; 0
 1; 100; 0; .0549; 0
 3; 0; 100; 0; .064
 4; 25; 75; .0623; .0423
 8; 25; 75; .0671; .0392
 12; 66.67; 33.33; .0309; .0145
 12; 41.67; 58.33; .0443; .0414
 12; 58.33; 41.67; .039; .0385
 9; 77.78; 22.22; .0358; .0273
 3; 66.67; 33.33; .0255; .0255
 2; 0; 100; 0; .0834
 5; 0; 80; 0; .0408
 4; 25; 75; .1083; .0556
 1; 0; 100; 0; .0657


 1; 0; 100; 0; .0289
 3; 66.67; 33.33; .0235; .0073

 1; 0; 100; 0; .0183
 2; 100; 0; .0327; 0
 1; 100; 0; .0474; 0

 1; 100; 0; .0109; 0
 3; 33.33; 66.67; .0253; .0201
 2; 0; 100; 0; .0398
 2; 50; 50; .0146; .0183
 5; 40; 40; .0146; .0146
 3; 33.33; 66.67; .0219; .0182
 6; 66.67; 33.33; .03; .0363
 3; 66.67; 33.33; .0328; .0579
 4; 50; 50; .0364; .0201
 4; 50; 50; .0399; .0493
 6; 33.33; 66.67; .0874; .0426
 13; 46.15; 53.85; .0564; .027
 14; 28.57; 64.29; .0273; .0395
 12; 41.67; 58.33; .0314; .0436
 2; 50; 0; .0292; 0
 1; 0; 0; 0; 0
 1; 0; 0; 0; 0

 1; 0; 100; 0; .0364
 1; 0; 100; 0; .0765

 2; 0; 100; 0; .0381
 4; 25; 50; .072; .0454
 11; 54.55; 45.45; .0697; .0579
 14; 35.71; 64.29; .0527; .0347
 11; 27.27; 63.64; .035; .0461
 5; 80; 20; .0374; .0577
 3; 66.67; 33.33; .0438; .0219













 3; 33.33; 66.67; .0433; .0145
 5; 20; 80; .0657; .0383
 1; 0; 100; 0; .0511
 1; 0; 100; 0; .0657
 1; 100; 0; .0146; 0
 1; 0; 100; 0; .054
 3; 33.33; 66.67; .036; .031
 3; 100; 0; .0316; 0
 4; 50; 50; .0512; .0164
 4; 25; 75; .0731; .0195


 1; 100; 0; .0146; 0







 1; 100; 0; .0182; 0
 1; 100; 0; .0364; 0

 2; 50; 50; .0724; .1094
 7; 57.14; 42.86; .0273; .0279
 25; 56; 40; .0415; .0393
 27; 70.37; 29.63; .0372; .026
 13; 69.23; 30.77; .0356; .0218
 7; 57.14; 42.86; .0433; .0592
 5; 40; 60; .0383; .0616
 1; 0; 100; 0; .0219
 1; 100; 0; .0253; 0
 1; 0; 100; 0; .0693
 2; 0; 100; 0; .0128
 5; 60; 40; .0292; .0201
 2; 100; 0; .053; 0
 4; 100; 0; .0455; 0
 5; 80; 20; .0337; .0614
 2; 100; 0; .0507; 0
 4; 75; 25; .029; .0292
 3; 66.67; 33.33; .0347; .0438


 2; 100; 0; .0345; 0





 2; 0; 100; 0; .0692
 6; 33.33; 66.67; .0164; .0391
 4; 25; 75; .0289; .0472
 3; 66.67; 33.33; .0527; .0876
 4; 50; 25; .0795; .0584
 6; 33.33; 66.67; .0326; .0374
 4; 25; 75; .0579; .0485
 2; 100; 0; .029; 0
 3; 66.67; 33.33; .0473; .054
 3; 66.67; 0; .0324; 0
 9; 66.67; 33.33; .0334; .0291
 17; 58.82; 41.18; .0432; .0332
 21; 61.9; 38.1; .0339; .04
 11; 63.64; 36.36; .0239; .0372
 1; 0; 100; 0; .018
 3; 33.33; 33.33; .0181; .0586
 1; 100; 0; .054; 0
 1; 100; 0; .0288; 0
 1; 0; 100; 0; .0292


 1; 0; 100; 0; .0036

 1; 0; 100; 0; .0365
 1; 100; 0; .0108; 0
 1; 100; 0; .0108; 0


 2; 0; 100; 0; .0362
 3; 0; 100; 0; .0507
 3; 33.33; 66.67; .0255; .0218
 7; 71.43; 28.57; .021; .0528
 3; 0; 100; 0; .023
 3; 100; 0; .0436; 0
 4; 50; 50; .0254; .0164


 1; 0; 100; 0; .0218





 2; 50; 50; .0289; .0437
 4; 25; 50; .0722; .0309
 2; 100; 0; .0397; 0










 1; 0; 100; 0; .0037













 4; 50; 50; .0474; .0596
 5; 40; 60; .0454; .0434
 9; 77.78; 22.22; .0384; .02
 10; 50; 50; .0514; .0354
 12; 58.33; 41.67; .0551; .0457
 16; 43.75; 56.25; .0394; .0311
 6; 100; 0; .0356; 0
 2; 100; 0; .0415; 0


 1; 100; 0; .0219; 0

 1; 0; 100; 0; .0146










 3; 33.33; 66.67; .011; .0654
 2; 0; 100; 0; .0201
 2; 50; 50; .0181; .0728
 3; 33.33; 66.67; .0072; .0199
 3; 0; 100; 0; .0338
 3; 33.33; 66.67; .0219; .0434
 2; 50; 50; .0146; .1083

 2; 50; 50; .0915; .0217
 2; 100; 0; .0732; 0
 3; 66.67; 33.33; .0585; .0219
 2; 100; 0; .0292; 0
 2; 100; 0; .0182; 0
 2; 50; 50; .0146; .0181
 2; 100; 0; .0127; 0
 2; 0; 50; 0; .0504
 8; 50; 37.5; .0509; .0581
 7; 42.86; 57.14; .0218; .0435
 8; 50; 50; .0372; .0389
 11; 45.45; 54.55; .0364; .043
 6; 33.33; 66.67; .0325; .0173
 5; 60; 20; .0533; .022
 4; 75; 25; .023; .0328
 1; 100; 0; .0363; 0




 1; 100; 0; .0363; 0
 2; 0; 50; 0; .0507
 5; 40; 60; .0473; .04
 10; 50; 50; .0189; .0305
 6; 50; 50; .0169; .0207
 6; 50; 33.33; .0193; .0512
 4; 50; 25; .0145; .0218
 3; 66.67; 33.33; .0687; .0365
 1; 100; 0; .0546; 0

 1; 100; 0; .0509; 0
 2; 50; 50; .0546; .0402
 1; 0; 100; 0; .0144
 1; 0; 100; 0; .0216
 1; 0; 100; 0; .0144
 1; 0; 100; 0; .0216
 2; 0; 100; 0; .0164
 6; 33.33; 66.67; .0618; .0561
 4; 25; 75; .0724; .0628
 4; 25; 75; .0293; .0435
 2; 0; 100; 0; .0308
 1; 100; 0; .0108; 0
 2; 50; 50; .0183; .0507
 2; 0; 100; 0; .0507
 2; 0; 50; 0; .072
 1; 100; 0; .0146; 0





 4; 100; 0; .0325; 0
 2; 50; 50; .0724; .0721
 6; 50; 33.33; .0303; .0326
 3; 66.67; 33.33; .0146; .0255
 5; 60; 40; .0364; .0201
 2; 100; 0; .0437; 0
 3; 33.33; 66.67; .0327; .0271
 5; 100; 0; .029; 0
 6; 66.67; 16.67; .0546; .0721
 6; 33.33; 50; .0419; .029
 5; 20; 60; .073; .0327
 5; 40; 60; .0237; .017
 7; 42.86; 57.14; .0292; .0209
 4; 0; 100; 0; .0427
 3; 33.33; 66.67; .0073; .0676
 3; 33.33; 66.67; .0729; .04
 5; 40; 60; .0633; .0474
 4; 75; 25; .0497; .0183
 1; 100; 0; .0183; 0

 1; 100; 0; .0511; 0
 2; 50; 50; .0146; .0363
 6; 50; 33.33; .034; .029
 4; 25; 75; .0073; .056
 6; 33.33; 50; .0219; .047
 12; 58.33; 33.33; .041; .047
 5; 80; 20; .0301; .0796
 3; 66.67; 33.33; .0347; .0438







 1; 0; 100; 0; .0548
 2; 0; 100; 0; .0474
 1; 0; 100; 0; .0182
 1; 0; 100; 0; .0583
 1; 0; 100; 0; .0364




 1; 0; 100; 0; .0364
 3; 0; 66.67; 0; .0274




 5; 60; 20; .0182; .0835
 10; 40; 50; .0345; .0321
 26; 53.85; 46.15; .0333; .0407
 22; 40.91; 54.55; .0494; .0324
 10; 60; 40; .0364; .0345

 1; 0; 100; 0; .0364

 1; 100; 0; .0433; 0









 6; 0; 66.67; 0; .0381
 7; 28.57; 71.43; .0347; .0371
 4; 25; 75; .0366; .0702
 4; 25; 75; .0507; .0606
 4; 25; 75; .0579; .0328
 3; 33.33; 66.67; .0507; .0236
 7; 28.57; 71.43; .0618; .0566

 1; 100; 0; .0507; 0


 1; 0; 100; 0; .0657



 2; 100; 0; .0291; 0
 2; 100; 0; .0328; 0
 3; 33.33; 66.67; .0219; .0346
 1; 0; 100; 0; .062
 1; 0; 100; 0; .0878


 1; 0; 0; 0; 0
 2; 50; 0; .0219; 0
 2; 0; 100; 0; .047
 2; 0; 100; 0; .047
 3; 66.67; 33.33; .0345; .0975
 1; 0; 100; 0; .065


 1; 100; 0; .011; 0

 1; 0; 100; 0; .0256



 1; 0; 100; 0; .0476



 1; 100; 0; .0289; 0
 3; 33.33; 66.67; .0507; .0346
 2; 0; 100; 0; .0181
 1; 0; 100; 0; .0219
 1; 100; 0; .0183; 0

 2; 50; 50; .0292; .0361
 5; 40; 60; .0726; .047
 4; 25; 75; .055; .0485
 14; 50; 35.71; .0417; .0341
 17; 41.18; 52.94; .0349; .0351
 5; 20; 60; .0291; .0446
 5; 60; 40; .0256; .0651
 4; 75; 0; .0242; 0
 2; 50; 50; .0361; .0146


 2; 0; 100; 0; .0563
 5; 60; 40; .0217; .0419
 3; 66.67; 33.33; .0235; .051
 3; 33.33; 66.67; .0507; .0183
 3; 33.33; 66.67; .0293; .0291

 2; 50; 50; .0585; .0914
 2; 0; 50; 0; .0731
 8; 50; 50; .0594; .039
 11; 45.45; 36.36; .0189; .0173
 7; 71.43; 28.57; .0385; .0218
 6; 33.33; 50; .0091; .0182
 1; 0; 0; 0; 0
 2; 50; 50; .0073; .0256
 1; 0; 100; 0; .0983





 1; 100; 0; .0366; 0




 1; 0; 100; 0; .0364


 1; 100; 0; .0146; 0
 6; 33.33; 50; .0438; .0327
 6; 33.33; 66.67; .031; .0381
 9; 55.56; 33.33; .0518; .0566
 9; 55.56; 33.33; .0394; .0255
 9; 66.67; 22.22; .0377; .0182
 6; 83.33; 16.67; .0401; .062
 4; 50; 50; .0218; .0361
 4; 25; 75; .0146; .057
 6; 16.67; 83.33; .0437; .0627
 6; 50; 33.33; .0497; .0659
 8; 50; 37.5; .0429; .0461
 9; 66.67; 33.33; .0395; .0737
 14; 35.71; 64.29; .0387; .037
 10; 40; 60; .0573; .0363
 7; 42.86; 57.14; .056; .0407
 9; 33.33; 66.67; .0619; .052
 1; 0; 100; 0; .0109



 1; 100; 0; .0183; 0










 1; 0; 100; 0; .0219








 5; 100; 0; .0327; 0
 8; 50; 37.5; .0172; .0207
 6; 66.67; 16.67; .0264; .0365
 4; 25; 75; .0144; .0485

 1; 100; 0; .0293; 0


 1; 0; 100; 0; .1134
 1; 100; 0; .0658; 0
 2; 100; 0; .0419; 0
 3; 33.33; 33.33; .0507; .011



 5; 40; 60; .0416; .0182
 12; 58.33; 41.67; .0266; .0706
 11; 63.64; 27.27; .0313; .0364
 8; 75; 25; .0164; .0292
 10; 90; 10; .0304; .0255
 3; 66.67; 0; .0383; 0
 2; 0; 50; 0; .0219

 2; 0; 50; 0; .0801
 2; 50; 0; .0146; 0
 1; 100; 0; .0365; 0
 1; 0; 100; 0; .0584
 2; 0; 100; 0; .0402

 3; 66.67; 33.33; .062; .0363
 8; 75; 25; .0359; .0581
 24; 50; 45.83; .033; .049
 28; 50; 42.86; .036; .0295
 25; 72; 28; .0334; .0375
 20; 60; 35; .0337; .0287
 22; 59.09; 40.91; .0423; .0268
 26; 42.31; 50; .0403; .0485
 19; 42.11; 52.63; .03; .0378
 12; 58.33; 41.67; .037; .0472
 4; 50; 50; .0236; .011


 1; 100; 0; .011; 0
 1; 0; 100; 0; .0256



 1; 100; 0; .0146; 0
 1; 0; 0; 0; 0
 1; 0; 100; 0; .0583
 2; 50; 50; .0255; .0511
 4; 75; 25; .0328; .0146
 3; 100; 0; .0511; 0
 4; 100; 0; .0419; 0
 5; 40; 20; .0164; .0619
 12; 33.33; 50; .0456; .0473
 5; 40; 60; .0512; .0486
 4; 50; 50; .0492; .0525
 1; 0; 100; 0; .0182



 1; 100; 0; .0255; 0
 4; 75; 25; .0413; .029
 21; 42.86; 52.38; .0327; .0477
 42; 57.14; 38.1; .0383; .0376
 41; 58.54; 36.59; .0393; .0377
 48; 47.92; 47.92; .0337; .0334
 44; 47.73; 50; .0321; .0332
 13; 46.15; 53.85; .0382; .0411
 6; 50; 50; .0362; .0329



 1; 100; 0; .051; 0
 3; 100; 0; .0571; 0
 2; 100; 0; .0256; 0
 4; 25; 75; .0365; .0511
 13; 30.77; 61.54; .0228; .0428
 21; 47.62; 42.86; .0324; .0523
 21; 42.86; 47.62; .0348; .0343
 14; 42.86; 57.14; .0382; .0355
 2; 0; 100; 0; .0565

 2; 50; 50; .0577; .0072
 2; 50; 50; .0255; .0548
 1; 0; 100; 0; .0476
 2; 50; 50; .051; .055
 4; 75; 25; .0571; .0477
 3; 0; 100; 0; .0378
 6; 83.33; 16.67; .0291; .0219
 10; 60; 40; .0225; .0494
 25; 64; 36; .0376; .03
 29; 58.62; 34.48; .0367; .0459
 29; 55.17; 37.93; .0406; .0434
 13; 61.54; 38.46; .0323; .0394







 1; 0; 100; 0; .0072
 3; 66.67; 33.33; .0109; .091
 3; 0; 100; 0; .0231
 2; 100; 0; .0435; 0





 1; 0; 100; 0; .094
 1; 0; 100; 0; .0542
 1; 0; 100; 0; .0217
 3; 0; 66.67; 0; .0164
 6; 16.67; 83.33; .0579; .0509


 2; 0; 100; 0; .0164
 6; 50; 33.33; .039; .0307
 6; 33.33; 66.67; .0402; .0381
 6; 33.33; 66.67; .0182; .0316
 4; 0; 100; 0; .0561
 4; 50; 50; .031; .0451
 4; 25; 75; .0728; .0544
 4; 25; 75; .0364; .0618
 5; 40; 60; .0565; .0763





 3; 0; 100; 0; .0472
 9; 44.44; 55.56; .0629; .0189
 14; 35.71; 57.14; .0277; .0333
 15; 66.67; 26.67; .0277; .0537
 8; 62.5; 25; .0679; .0691

 1; 0; 100; 0; .0659
 4; 0; 100; 0; .0366
 8; 62.5; 37.5; .0363; .0195
 33; 54.55; 39.39; .0436; .0434
 47; 57.45; 40.43; .0369; .037
 42; 57.14; 38.1; .0356; .0412
 22; 63.64; 36.36; .0323; .0446
 15; 80; 20; .0328; .0753
 13; 61.54; 38.46; .0263; .0481
 4; 75; 25; .0157; .0255
 2; 50; 50; .0217; .0072


 1; 100; 0; .0146; 0
 2; 0; 100; 0; .0273
 4; 50; 25; .0711; .0364

 1; 0; 100; 0; .011

 1; 100; 0; .0547; 0
 1; 100; 0; .051; 0

 1; 100; 0; .0219; 0
 2; 0; 100; 0; .0273
 4; 75; 25; .0255; .0255
 4; 50; 50; .0292; .0146
 6; 50; 50; .0243; .0531
 10; 40; 60; .0519; .0341
 9; 22.22; 77.78; .0364; .0469
 6; 16.67; 66.67; .0073; .0255
 4; 0; 100; 0; .0382
 1; 0; 100; 0; .0183

 2; 0; 100; 0; .0691
 1; 0; 100; 0; .0944

 4; 25; 50; .0363; .0128









 2; 0; 100; 0; .0164
 1; 0; 100; 0; .0146







 1; 100; 0; .0841; 0
 1; 0; 100; 0; .0621
 1; 0; 100; 0; .0073







 2; 100; 0; .0163; 0
 5; 60; 20; .017; .011
 7; 28.57; 71.43; .0091; .0168
 1; 100; 0; .051; 0
 2; 50; 50; .0657; .0217
 4; 50; 25; .0255; .0255
 3; 0; 100; 0; .0292
 1; 100; 0; .0146; 0
 5; 40; 60; .0511; .0315
 3; 33.33; 66.67; .0512; .0183
 4; 25; 75; .0366; .0426
 3; 66.67; 33.33; .0219; .0803
 6; 33.33; 66.67; .0438; .0328
 3; 33.33; 66.67; .073; .0822
 2; 100; 0; .0438; 0
 1; 100; 0; .0256; 0
 4; 50; 50; .0164; .0455
 7; 28.57; 57.14; .0165; .0474
 6; 33.33; 66.67; .0327; .0401
 3; 33.33; 66.67; .0217; .031
 4; 0; 100; 0; .0393
 5; 40; 60; .0274; .022
 6; 16.67; 83.33; .0146; .0344
 10; 40; 50; .0201; .0459
 20; 70; 30; .0294; .0279
 13; 76.92; 23.08; .0328; .022
 5; 80; 20; .0455; .0109






 2; 50; 50; .0365; .0657
 2; 100; 0; .0585; 0
 1; 100; 0; .0181; 0


 1; 0; 100; 0; .0584
 1; 0; 100; 0; .0621
 1; 0; 100; 0; .0511


 1; 0; 100; 0; .0219
 1; 0; 100; 0; .0366




 4; 50; 50; .0346; .0164
 1; 100; 0; .0365; 0
 3; 100; 0; .0316; 0
 8; 37.5; 50; .0316; .0355
 4; 25; 50; .0329; .0657
 6; 33.33; 66.67; .0292; .0493
 3; 33.33; 66.67; .0579; .0402
 5; 60; 40; .0242; .0292
 5; 60; 20; .0608; .0438
 7; 57.14; 14.29; .0173; .0218
 7; 14.29; 57.14; .0365; .0227


 1; 0; 100; 0; .011




 1; 100; 0; .0184; 0
 2; 50; 50; .0217; .0294
 7; 42.86; 42.86; .0159; .0244
 7; 28.57; 57.14; .0293; .0164
 3; 66.67; 33.33; .0586; .022
 4; 75; 25; .039; .0217
 6; 66.67; 16.67; .0476; .0255
 3; 33.33; 66.67; .011; .0834
 2; 50; 50; .0511; .0506
 3; 33.33; 66.67; .0728; .0381
 6; 50; 50; .0194; .0534
 10; 30; 60; .0315; .0468
 24; 58.33; 37.5; .0469; .0348
 13; 61.54; 38.46; .025; .0212
 3; 0; 100; 0; .0231




 1; 0; 100; 0; .0584
 1; 0; 100; 0; .0511
 1; 0; 100; 0; .0584
 1; 0; 100; 0; .0073
 3; 33.33; 66.67; .0293; .0237
 1; 100; 0; .0253; 0









 1; 100; 0; .0549; 0
 5; 80; 20; .0265; .091
 11; 63.64; 27.27; .0433; .0584
 19; 52.63; 42.11; .0512; .0328
 20; 60; 40; .0365; .036
 9; 44.44; 44.44; .0384; .0402
 3; 33.33; 33.33; .0584; .0256
 1; 0; 100; 0; .0183
 2; 50; 50; .0219; .0549
 4; 50; 50; .0109; .0109
 1; 0; 100; 0; .0146
 2; 50; 0; .0255; 0
 3; 66.67; 33.33; .0511; .0622
 10; 30; 70; .0353; .0287
 22; 59.09; 31.82; .0311; .0379
 33; 57.58; 36.36; .0399; .0279
 11; 27.27; 72.73; .0304; .0229
 9; 44.44; 55.56; .0336; .0315
 4; 75; 25; .0628; .0364
 4; 50; 50; .0145; .0512
 4; 50; 50; .0456; .073
 7; 42.86; 57.14; .0533; .073
 5; 60; 40; .0255; .0693
 4; 0; 100; 0; .0419
 1; 100; 0; .0109; 0

 2; 50; 50; .0219; .0108
 1; 100; 0; .0146; 0

 1; 0; 100; 0; .0216
 1; 100; 0; .0216; 0
 1; 0; 100; 0; .0182
 2; 50; 0; .0402; 0
 2; 50; 50; .0366; .0721
 2; 0; 100; 0; .0527
 1; 100; 0; .0476; 0
 2; 100; 0; .0091; 0
 3; 33.33; 66.67; .0146; .0456

 2; 50; 50; .0292; .0583
 1; 0; 100; 0; .051
 1; 100; 0; .0219; 0
 2; 100; 0; .0402; 0
 4; 50; 50; .0438; .0512
 6; 50; 50; .0279; .0353
 5; 40; 60; .0274; .0232
 4; 75; 25; .0292; .0365
 6; 66.67; 16.67; .0264; .0292
 3; 66.67; 33.33; .0363; .0183



 2; 50; 0; .0256; 0
 1; 0; 100; 0; .0361
 2; 0; 100; 0; .0308
 6; 50; 50; .0157; .023

 2; 100; 0; .051; 0
 2; 50; 50; .0291; .0255
 2; 50; 0; .0364; 0
 6; 0; 66.67; 0; .0354
 5; 20; 80; .0366; .0345


 2; 50; 50; .0511; .0363
 3; 66.67; 33.33; .0256; .0326
 3; 66.67; 33.33; .0238; .0363
 11; 45.45; 36.36; .0322; .0319
 15; 53.33; 40; .0433; .0243
 8; 62.5; 37.5; .0321; .0292
 1; 0; 100; 0; .0656
 12; 66.67; 25; .0429; .068
 19; 47.37; 52.63; .0447; .0437
 34; 47.06; 44.12; .0397; .0335
 34; 55.88; 35.29; .0411; .0429
 35; 57.14; 40; .0473; .032
 31; 58.06; 38.71; .0365; .041
 27; 48.15; 44.44; .0399; .0368
 20; 45; 55; .0362; .0412
 26; 61.54; 30.77; .0436; .0325
 24; 62.5; 37.5; .0282; .0337
 18; 33.33; 55.56; .0377; .0223
 12; 58.33; 33.33; .0261; .0357
 10; 30; 40; .0622; .0311
 11; 63.64; 27.27; .0417; .0292
 5; 80; 20; .0356; .0654
 9; 55.56; 44.44; .038; .0492
 30; 43.33; 46.67; .0329; .0571
 48; 45.83; 47.92; .0427; .0391
 64; 48.44; 46.88; .0399; .0392
 44; 50; 50; .0374; .0389
 31; 64.52; 35.48; .029; .0414
 8; 87.5; 12.5; .0292; .0293



 1; 0; 100; 0; .0938
 4; 75; 25; .0365; .0073
 6; 16.67; 66.67; .0585; .0464
 7; 57.14; 42.86; .0456; .0339
 8; 62.5; 37.5; .0445; .0413
 3; 100; 0; .028; 0
 13; 38.46; 61.54; .0372; .0264
 14; 35.71; 64.29; .038; .0389
 11; 36.36; 54.55; .0246; .029
 3; 33.33; 33.33; .0219; .0365





 4; 25; 75; .0621; .0438
 7; 57.14; 42.86; .0549; .0621
 5; 80; 20; .0421; .0438
 5; 60; 40; .0681; .0401
 1; 0; 100; 0; .0619


 1; 100; 0; .0146; 0







 2; 0; 50; 0; .0579
 3; 33.33; 66.67; .0109; .029
 5; 20; 80; .0292; .0472
 5; 60; 40; .0527; .0635
 4; 25; 75; .0365; .0426
 3; 33.33; 66.67; .0146; .033
 6; 16.67; 66.67; .0146; .0356
 8; 37.5; 62.5; .0232; .046
 14; 64.29; 35.71; .0304; .046
 23; 69.57; 30.43; .0391; .0686
 8; 50; 50; .0356; .0365
 2; 100; 0; .0401; 0

 6; 33.33; 66.67; .0237; .03
 6; 50; 50; .0328; .0254
 5; 60; 40; .0195; .0401
 3; 33.33; 66.67; .0364; .0458





 1; 0; 100; 0; .0622



 1; 100; 0; .011; 0
 1; 100; 0; .0293; 0
 5; 60; 20; .0206; .029
 19; 42.11; 47.37; .0316; .0304
 24; 41.67; 58.33; .0425; .0409
 21; 52.38; 42.86; .0329; .0373
 13; 53.85; 46.15; .0287; .0402
 13; 84.62; 15.38; .0386; .0638
 11; 72.73; 27.27; .0329; .0316
 3; 66.67; 33.33; .0697; .0036

 3; 33.33; 66.67; .0511; .0565
 1; 100; 0; .0219; 0
 1; 0; 100; 0; .0219
 2; 100; 0; .0311; 0
 3; 33.33; 66.67; .0476; .0164
 1; 100; 0; .0292; 0
 1; 100; 0; .0109; 0
 1; 100; 0; .0474; 0

 3; 66.67; 33.33; .0256; .0471
 2; 0; 100; 0; .0528
 1; 0; 0; 0; 0




 1; 100; 0; .0145; 0
 1; 100; 0; .0217; 0
 1; 0; 100; 0; .0217
 1; 0; 100; 0; .0145
 2; 50; 50; .0294; .0217
 4; 50; 25; .0549; .0255
 1; 100; 0; .011; 0
 2; 0; 100; 0; .011

 1; 100; 0; .022; 0
 2; 50; 50; .0586; .0217
 5; 40; 20; .0273; .0072
 4; 50; 50; .031; .0218
 4; 50; 50; .0255; .0275
 3; 0; 100; 0; .017
 3; 100; 0; .0534; 0
 3; 66.67; 33.33; .0236; .0217
 2; 50; 0; .0507; 0


 2; 100; 0; .0127; 0
 1; 100; 0; .0875; 0
 2; 50; 50; .0948; .0073
 2; 50; 50; .0437; .0182
 2; 50; 50; .0146; .0291
 2; 50; 50; .0218; .0291
 3; 33.33; 66.67; .0289; .0365
 6; 50; 50; .0133; .0146
 2; 50; 50; .0183; .0146
 2; 50; 50; .0255; .011
 1; 100; 0; .0109; 0
 1; 0; 100; 0; .0037
 1; 0; 100; 0; .0146











 1; 100; 0; .0146; 0

 2; 50; 50; .0365; .0219
 3; 66.67; 33.33; .0328; .0511
 2; 50; 0; .0984; 0








 1; 100; 0; .0474; 0
 1; 100; 0; .0219; 0
 1; 100; 0; .0731; 0










 1; 100; 0; .0146; 0
 1; 0; 100; 0; .0146
 4; 25; 75; .0109; .0303
 10; 20; 80; .0512; .0374
 8; 12.5; 75; .0037; .0286
 7; 14.29; 85.71; .102; .0335
 4; 0; 75; 0; .0366
 1; 100; 0; .0292; 0
 1; 100; 0; .0256; 0
 2; 0; 50; 0; .0145
 1; 0; 100; 0; .0546
 3; 66.67; 33.33; .0381; .0219
 1; 0; 100; 0; .0586

 1; 0; 100; 0; .0183
 1; 0; 100; 0; .066
 1; 0; 100; 0; .0294










 1; 100; 0; .0253; 0
 1; 100; 0; .0217; 0
 5; 60; 40; .0498; .0457
 1; 0; 100; 0; .0657


 1; 100; 0; .0183; 0








 2; 50; 50; .0255; .0292
 3; 0; 66.67; 0; .0456
 11; 54.55; 36.36; .0275; .0511
 2; 50; 50; .0073; .1093






 1; 0; 100; 0; .0291
 1; 0; 100; 0; .1019




 2; 0; 100; 0; .0512
 2; 100; 0; .0456; 0


 2; 0; 100; 0; .0401
 3; 66.67; 33.33; .0456; .0365
 1; 0; 100; 0; .0476
 2; 50; 50; .0146; .0547
 3; 33.33; 66.67; .0146; .0274
 4; 0; 100; 0; .0411
 7; 28.57; 71.43; .0401; .0533
 9; 44.44; 55.56; .0548; .0358
 14; 71.43; 21.43; .0453; .0364
 15; 66.67; 33.33; .0347; .0328
 27; 59.26; 40.74; .0425; .0394
 22; 50; 45.45; .0465; .0467
 25; 40; 60; .0398; .0387
 21; 52.38; 42.86; .0369; .0417
 19; 52.63; 47.37; .0394; .0588
 13; 69.23; 15.38; .043; .0565
 15; 60; 33.33; .0504; .0446
 6; 50; 33.33; .0413; .0329
 1; 100; 0; .0074; 0



 1; 0; 100; 0; .0182
 1; 0; 100; 0; .0255



 1; 100; 0; .0511; 0
 4; 25; 75; .0474; .0171
 3; 66.67; 33.33; .022; .0146
 7; 28.57; 71.43; .0438; .0293
 4; 50; 50; .0092; .0774
 1; 0; 100; 0; .011
 4; 0; 75; 0; .0341
 2; 50; 50; .0256; .0693
 1; 0; 0; 0; 0








 3; 33.33; 33.33; .0365; .0442



 5; 40; 60; .0402; .0268
 4; 50; 50; .0164; .0073
 2; 50; 0; .0477; 0


 1; 100; 0; .0182; 0
 1; 100; 0; .0219; 0

 1; 0; 100; 0; .0146
 1; 100; 0; .0146; 0
 1; 0; 100; 0; .0255


 2; 0; 100; 0; .0405
 3; 0; 100; 0; .022
 2; 50; 50; .0295; .0509
 2; 50; 50; .0184; .0546
 1; 100; 0; .011; 0








 1; 0; 100; 0; .0073

 2; 0; 50; 0; .0183
 1; 0; 100; 0; .0293



 1; 0; 100; 0; .0438
 4; 0; 100; 0; .0505
 11; 54.55; 36.36; .0555; .0283
 2; 100; 0; .0493; 0
 2; 100; 0; .0255; 0
 2; 50; 50; .0511; .011


 2; 50; 50; .0401; .0364
 3; 33.33; 33.33; .0511; .0146
 2; 100; 0; .0697; 0
 6; 66.67; 33.33; .0476; .0403
 2; 0; 100; 0; .0639
 1; 0; 100; 0; .011

 1; 100; 0; .0326; 0
 1; 0; 100; 0; .0183
 2; 50; 50; .0731; .0256
 1; 0; 0; 0; 0
 4; 75; 0; .0376; 0
 2; 50; 50; .0326; .0073
 2; 0; 100; 0; .0146
 4; 25; 75; .0255; .0352
 4; 75; 25; .0207; .0618
 4; 25; 75; .011; .0524
 3; 0; 100; 0; .0221

 2; 0; 100; 0; .0146
 2; 0; 100; 0; .0238


 1; 0; 100; 0; .0109





 1; 0; 100; 0; .0732
 1; 100; 0; .0073; 0
 4; 0; 75; 0; .051
 2; 50; 50; .0547; .0365
 1; 100; 0; .0734; 0
