27.362
27.390
27.405
27.395
27.405
27.395
27.380
27.368
27.360
27.337
27.365
27.348
27.345
27.362
27.352
27.337
27.358
27.370
27.368
27.352
27.328
27.337
27.328
27.337
27.362
27.382
27.392
27.377
27.348
27.368
27.358
27.372
27.382
27.372
27.362
27.352
27.355
27.368
27.382
27.372
27.382
27.368
27.350
27.378
27.382
27.378
27.392
27.378
27.368
27.385
27.378
27.385
27.392
27.378
27.388
27.372
27.360
27.375
27.385
27.370
27.355
27.345
27.335
27.328
27.312
27.302
27.290
27.275
27.278
27.252
27.262
27.301
27.292
27.301
27.285
27.298
27.301
27.318
27.330
27.320
27.301
27.328
27.312
27.301
27.318
27.325
27.337
27.345
27.322
27.310
27.325
27.310
27.295
27.298
27.288
27.298
27.305
27.280
27.305
27.282
27.312
27.302
27.302
27.312
27.322
27.322
27.312
27.307
27.318
27.335
27.337
27.320
27.337
27.348
27.362
27.380
27.372
27.382
27.390
27.408
27.417
27.428
27.401
27.405
27.408
27.422
27.438
27.438
27.452
27.450
27.455
27.458
27.458
27.470
27.448
27.458
27.445
27.438
27.430
27.440
27.448
27.462
27.438
27.448
27.468
27.450
27.468
27.465
27.447
27.462
27.475
27.475
27.478
27.478
27.490
27.475
27.485
27.475
27.482
27.492
27.508
27.488
27.480
27.492
27.488
27.501
27.512
27.495
27.515
27.515
27.532
27.517
27.535
27.522
27.525
27.508
27.528
27.508
27.498
27.520
27.535
27.540
27.528
27.532
27.522
27.512
27.501
27.525
27.528
27.517
27.510
27.522
27.510
27.475
27.485
27.495
27.485
27.495
27.485
27.501
27.501
27.501
27.508
27.501
27.510
27.508
27.495
27.490
27.482
27.502
27.515
27.502
27.517
27.522
27.530
27.532
27.542
27.522
27.542
27.557
27.542
27.550
27.552
27.532
27.548
27.532
27.520
27.532
27.550
27.542
27.530
27.548
27.540
27.548
27.528
27.538
27.538
27.550
27.530
27.540
27.522
27.542
27.532
27.535
27.525
27.513
27.502
27.495
27.487
27.498
27.515
27.502
27.485
27.502
27.487
27.508
27.538
27.552
27.538
27.557
27.555
27.570
27.558
27.570
27.562
27.558
27.562
27.558
27.562
27.558
27.557
27.540
27.520
27.508
27.517
27.510
27.520
27.501
27.478
27.485
27.532
27.538
27.538
27.538
27.545
27.542
27.558
27.538
27.550
27.542
27.550
27.545
27.532
27.545
27.550
27.545
27.538
27.508
27.522
27.520
27.510
27.505
27.488
27.502
27.501
27.501
27.492
27.501
27.510
27.505
27.510
27.502
27.502
27.520
27.508
27.512
27.522
27.512
27.522
27.538
27.522
27.535
27.540
27.545
27.535
27.542
27.548
27.540
27.545
27.555
27.558
27.575
27.568
27.560
27.555
27.555
27.545
27.540
27.550
27.555
27.558
27.562
27.555
27.545
27.562
27.568
27.560
27.555
27.560
27.568
27.575
27.570
27.582
27.580
27.585
27.590
27.580
27.585
27.585
27.598
27.605
27.605
27.612
27.620
27.620
27.612
27.605
27.595
27.590
27.592
27.595
27.608
27.601
27.612
27.615
27.627
27.622
27.618
27.610
27.622
27.612
27.601
27.601
27.590
27.597
27.587
27.595
27.585
27.595
27.595
27.595
27.587
27.572
27.585
27.587
27.578
27.590
27.592
27.572
27.572
27.585
27.587
27.601
27.615
27.597
27.610
27.625
27.608
27.630
27.640
27.630
27.638
27.630
27.635
27.652
27.648
27.630
27.630
27.612
27.585
27.602
27.592
27.578
27.595
27.578
27.587
27.597
27.587
27.597
27.585
27.602
27.601
27.605
27.605
27.615
27.627
27.640
27.650
27.652
27.645
27.652
27.670
27.660
27.650
27.678
27.655
27.660
27.675
27.662
27.675
27.662
27.648
27.662
27.648
27.670
27.642
27.632
27.625
27.638
27.655
27.650
27.638
27.630
27.632
27.622
27.632
27.615
27.630
27.612
27.625
27.635
27.620
27.640
27.627
27.655
27.672
27.680
27.662
27.672
27.688
27.660
27.682
27.652
27.655
27.645
27.658
27.642
27.652
27.665
27.652
27.642
27.630
27.642
27.635
27.615
27.605
27.618
27.618
27.635
27.628
27.632
27.618
27.620
27.612
27.627
27.612
27.620
27.630
27.605
27.620
27.630
27.620
27.630
27.620
27.630
27.622
27.622
27.632
27.620
27.627
27.632
27.622
27.620
27.625
27.618
27.632
27.638
27.625
27.630
27.618
27.630
27.632
27.620
27.610
27.601
27.610
27.618
27.601
27.595
27.587
27.578
27.568
27.560
27.575
27.565
27.565
27.555
27.565
27.555
27.562
27.568
27.560
27.560
27.555
27.540
27.550
27.562
27.550
27.535
27.532
27.525
27.538
27.522
27.515
27.510
27.528
27.525
27.528
27.525
27.520
27.520
27.520
27.525
27.520
27.510
27.515
27.522
27.517
27.522
27.517
27.512
27.530
27.517
27.510
27.520
27.517
27.510
27.515
27.528
27.522
27.517
27.530
27.520
27.530
27.520
27.512
27.508
27.512
27.517
27.520
27.525
27.508
27.528
27.513
27.528
27.522
27.522
27.535
27.530
27.520
27.530
27.530
27.520
27.528
27.522
27.513
27.528
27.515
27.530
27.530
27.530
27.540
27.542
27.548
27.542
27.550
27.565
27.572
27.572
27.580
27.585
27.570
27.570
27.570
27.582
27.590
27.601
27.605
27.601
27.590
27.585
27.592
27.598
27.610
27.615
27.615
27.612
27.615
27.625
27.632
27.635
27.640
27.648
27.655
27.648
27.627
27.625
27.627
27.615
27.620
27.610
27.622
27.610
27.601
27.590
27.597
27.602
27.610
27.592
27.597
27.618
27.615
27.622
27.630
27.638
27.627
27.625
27.612
27.612
27.598
27.598
27.590
27.601
27.582
27.585
27.580
27.595
27.602
27.608
27.601
27.595
27.601
27.608
27.612
27.605
27.612
27.602
27.608
27.618
27.610
27.615
27.630
27.615
27.620
27.627
27.620
27.612
27.602
27.615
27.622
27.632
27.622
27.632
27.622
27.635
27.635
27.630
27.638
27.632
27.622
27.612
27.612
27.620
27.612
27.605
27.601
27.608
27.610
27.602
27.602
27.608
27.601
27.595
27.590
27.601
27.590
27.578
27.585
27.587
27.575
27.590
27.583
27.572
27.565
27.575
27.565
27.570
27.557
27.562
27.557
27.548
27.552
27.557
27.562
27.552
27.552
27.552
27.568
27.572
27.582
27.590
27.595
27.587
27.598
27.598
27.585
27.580
27.592
27.585
27.592
27.582
27.590
27.595
27.587
27.610
27.587
27.595
27.595
27.598
27.595
27.605
27.598
27.595
27.601
27.595
27.590
27.587
27.580
27.592
27.601
27.608
27.615
27.625
27.610
27.602
27.615
27.627
27.618
27.618
27.605
27.608
27.598
27.605
27.602
27.590
27.582
27.590
27.598
27.597
27.587
27.595
27.587
27.595
27.595
27.582
27.587
27.595
27.595
27.587
27.580
27.592
27.582
27.572
27.565
27.565
27.570
27.562
27.558
27.565
27.558
27.560
27.555
27.550
27.550
27.542
27.535
27.540
27.550
27.560
27.565
27.570
27.562
27.558
27.568
27.570
27.580
27.580
27.585
27.601
27.605
27.598
27.590
27.598
27.608
27.615
27.610
27.610
27.602
27.595
27.601
27.592
27.587
27.580
27.587
27.605
27.612
27.615
27.602
27.590
27.598
27.595
27.587
27.592
27.585
27.595
27.601
27.610
27.608
27.608
27.598
27.608
27.605
27.615
27.610
27.615
27.610
27.615
27.608
27.601
27.610
27.620
27.630
27.627
27.618
27.632
27.622
27.635
27.628
27.645
27.645
27.635
27.645
27.632
27.642
27.642
27.635
27.645
27.640
27.630
27.630
27.640
27.628
27.615
27.628
27.622
27.620
27.620
27.612
27.605
27.615
27.602
27.602
27.615
27.608
27.608
27.610
27.602
27.610
27.602
27.601
27.598
27.605
27.592
27.598
27.590
27.582
27.592
27.585
27.592
27.598
27.605
27.598
27.605
27.598
27.601
27.605
27.608
27.608
27.625
27.615
27.615
27.630
27.635
27.625
27.630
27.622
27.622
27.622
27.618
27.618
27.605
27.592
27.585
27.590
27.582
27.572
27.558
27.568
27.560
27.570
27.562
27.578
27.582
27.587
27.582
27.587
27.582
27.590
27.580
27.585
27.595
27.602
27.608
27.598
27.605
27.610
27.620
27.612
27.618
27.618
27.620
27.610
27.610
27.605
27.610
27.605
27.590
27.601
27.601
27.608
27.615
27.605
27.598
27.605
27.612
27.618
27.622
27.615
27.610
27.605
27.610
27.605
27.595
27.587
27.610
27.605
27.610
27.615
27.608
27.615
27.608
27.608
27.601
27.608
27.601
27.608
27.615
27.610
27.618
27.625
27.615
27.610
27.618
27.628
27.615
27.620
27.615
27.620
27.620
27.627
27.615
27.620
27.627
27.638
27.645
27.640
27.645
27.635
27.642
27.642
27.648
27.635
27.625
27.615
27.620
27.615
27.620
27.615
27.620
27.628
27.620
27.615
27.610
27.615
27.608
27.601
27.610
27.601
27.592
27.601
27.592
27.598
27.592
27.585
27.590
27.595
27.605
27.610
27.601
27.601
27.595
27.601
27.595
27.601
27.595
27.601
27.595
27.602
27.608
27.602
27.598
27.605
27.610
27.615
27.610
27.615
27.605
27.605
27.615
27.608
27.618
27.622
27.622
27.620
27.628
27.627
27.628
27.615
27.622
27.622
27.622
27.627
27.615
27.610
27.615
27.620
27.612
27.605
27.615
27.620
27.612
27.612
27.608
27.608
27.601
27.592
27.587
27.598
27.605
27.610
27.615
27.608
27.608
27.628
27.618
27.627
27.620
27.625
27.630
27.618
27.612
27.612
27.625
27.625
27.627
27.620
27.627
27.618
27.612
27.618
27.630
27.625
27.635
27.630
27.638
27.645
27.640
27.658
27.665
27.665
27.675
27.680
27.685
27.678
27.685
27.678
27.670
27.680
27.688
27.682
27.690
27.680
27.688
27.678
27.690
27.697
27.697
27.692
27.695
27.688
27.692
27.688
27.678
27.672
27.672
27.672
27.672
27.682
27.688
27.682
27.682
27.675
27.675
27.672
27.682
27.682
27.701
27.692
27.690
27.688
27.688
27.688
27.705
27.715
27.732
27.730
27.738
27.742
27.740
27.742
27.732
27.725
27.725
27.715
27.702
27.710
27.710
27.712
27.708
27.712
27.718
27.712
27.708
27.697
27.701
27.697
27.712
27.705
27.697
27.702
27.708
27.720
27.710
27.705
27.693
27.690
27.702
27.710
27.705
27.690
27.685
27.680
27.675
27.680
27.670
27.670
27.665
27.662
27.680
27.672
27.680
27.672
27.665
27.672
27.678
27.672
27.668
27.662
27.668
27.668
27.650
27.645
27.640
27.640
27.640
27.627
27.632
27.627
27.620
27.618
27.610
27.605
27.612
27.628
27.618
27.605
27.612
27.590
27.605
27.610
27.602
27.592
27.601
27.608
27.608
27.602
27.608
27.612
27.605
27.610
27.615
27.608
27.615
27.615
27.615
27.620
27.612
27.608
27.608
27.612
27.608
27.601
27.605
27.601
27.605
27.605
27.615
27.622
27.612
27.612
27.612
27.612
27.608
27.615
27.622
27.618
27.610
27.620
27.630
27.630
27.625
27.632
27.638
27.645
27.638
27.638
27.642
27.650
27.642
27.650
27.655
27.648
27.660
27.675
27.682
27.690
27.682
27.682
27.688
27.682
27.678
27.670
27.675
27.668
27.675
27.682
27.688
27.682
27.688
27.682
27.688
27.705
27.705
27.701
27.692
27.697
27.692
27.688
27.682
27.690
27.682
27.690
27.685
27.678
27.678
27.678
27.695
27.685
27.690
27.675
27.680
27.672
27.660
27.665
27.672
27.678
27.668
27.675
27.682
27.675
27.670
27.678
27.670
27.680
27.688
27.692
27.697
27.697
27.702
27.708
27.702
27.708
27.702
27.710
27.715
27.720
27.715
27.720
27.712
27.705
27.710
27.725
27.718
27.725
27.718
27.705
27.712
27.725
27.730
27.722
27.730
27.725
27.720
27.715
27.710
27.720
27.725
27.735
27.742
27.750
27.755
27.750
27.742
27.748
27.740
27.732
27.740
27.745
27.750
27.742
27.730
27.735
27.742
27.748
27.742
27.742
27.742
27.735
27.725
27.725
27.715
27.710
27.715
27.718
27.720
27.730
27.725
27.730
27.722
27.718
27.722
27.715
27.722
27.732
27.738
27.742
27.732
27.725
27.732
27.728
27.728
27.718
27.728
27.728
27.738
27.738
27.742
27.735
27.740
27.750
27.740
27.745
27.745
27.748
27.747
27.748
27.755
27.747
27.748
27.742
27.750
27.742
27.742
27.735
27.728
27.722
27.732
27.732
27.728
27.725
27.738
27.722
27.718
27.732
27.738
27.750
27.742
27.747
27.738
27.742
27.742
27.760
27.767
27.767
27.767
27.767
27.767
27.767
27.767
27.762
27.762
27.770
27.765
27.770
27.782
27.788
27.780
27.785
27.780
27.772
27.778
27.772
27.778
27.772
27.778
27.782
27.775
27.775
27.767
27.775
27.770
27.758
27.765
27.765
27.770
27.775
27.775
27.767
27.760
27.765
27.760
27.767
27.780
27.790
27.788
27.792
27.790
27.801
27.810
27.798
27.802
27.792
27.792
27.792
27.792
27.785
27.790
27.785
27.785
27.775
27.782
27.788
27.778
27.770
27.765
27.752
27.745
27.740
27.750
27.740
27.745
27.752
27.752
27.752
27.747
27.742
27.738
27.738
27.745
27.740
27.732
27.728
27.732
27.725
27.732
27.740
27.730
27.735
27.730
27.720
27.728
27.732
27.725
27.730
27.725
27.730
27.725
27.732
27.738
27.738
27.728
27.738
27.742
27.742
27.742
27.735
27.740
27.745
27.740
27.747
27.755
27.755
27.760
27.755
27.763
27.770
27.780
27.780
27.772
27.780
27.790
27.792
27.788
27.788
27.788
27.798
27.785
27.792
27.775
27.770
27.778
27.788
27.788
27.792
27.798
27.788
27.792
27.788
27.778
27.778
27.782
27.782
27.778
27.782
27.778
27.775
27.765
27.763
27.762
27.758
27.758
27.748
27.755
27.760
27.772
27.775
27.770
27.762
27.758
27.770
27.775
27.767
27.772
27.765
27.760
27.745
27.738
27.747
27.752
27.758
27.762
27.767
27.772
27.782
27.772
27.782
27.788
27.778
27.785
27.785
27.788
27.798
27.792
27.801
27.808
27.815
27.808
27.812
27.818
27.812
27.805
27.801
27.805
27.801
27.795
27.790
27.785
27.785
27.772
27.780
27.788
27.780
27.775
27.780
27.785
27.780
27.772
27.765
27.760
27.767
27.760
27.765
27.760
27.770
27.765
27.760
27.752
27.762
27.755
27.760
27.765
27.778
27.772
27.780
27.790
27.795
27.795
27.792
27.818
27.808
27.790
27.782
27.782
27.792
27.778
27.785
27.790
27.795
27.792
27.802
27.795
27.802
27.808
27.802
27.808
27.801
27.788
27.792
27.780
27.775
27.778
27.760
27.765
27.770
27.765
27.758
27.765
27.755
27.760
27.755
27.750
27.745
27.752
27.745
27.745
27.735
27.740
27.747
27.752
27.758
27.752
27.747
27.755
27.747
27.752
27.747
27.752
27.758
27.762
27.762
27.770
27.765
27.770
27.765
27.772
27.760
27.765
27.760
27.767
27.772
27.778
27.770
27.765
27.770
27.770
27.770
27.765
27.772
27.765
27.770
27.765
27.770
27.765
27.760
27.765
27.758
27.752
27.760
27.755
27.760
27.765
27.772
27.778
27.788
27.792
27.785
27.790
27.798
27.788
27.782
27.775
27.770
27.765
27.770
27.765
27.760
27.755
27.762
27.758
27.762
27.755
27.762
27.758
27.752
27.747
27.752
27.758
27.752
27.745
27.738
27.742
27.755
27.747
27.742
27.738
27.730
27.735
27.730
27.735
27.728
27.732
27.738
27.732
27.728
27.722
27.718
27.712
27.708
27.701
27.680
27.685
27.692
27.682
27.678
27.682
27.678
27.672
27.665
27.670
27.665
27.660
27.665
27.660
27.655
27.662
27.668
27.662
27.668
27.660
27.665
27.672
27.662
27.668
27.655
27.662
27.658
27.662
27.658
27.665
27.660
27.665
27.660
27.652
27.642
27.650
27.640
27.632
27.638
27.632
27.622
27.618
27.625
27.620
27.615
27.620
27.615
27.620
27.615
27.620
27.615
27.620
27.615
27.610
27.605
27.615
27.605
27.592
27.598
27.598
27.610
27.620
27.628
27.622
27.628
27.622
27.628
27.622
27.628
27.627
27.638
27.642
27.638
27.652
27.662
27.655
27.648
27.655
27.650
27.662
27.658
27.665
27.672
27.665
27.672
27.678
27.672
27.680
27.672
27.678
27.682
27.678
27.670
27.678
27.682
27.675
27.665
27.658
27.665
27.670
27.678
27.670
27.678
27.672
27.668
27.672
27.678
27.670
27.680
27.685
27.680
27.688
27.682
27.690
27.690
27.685
27.690
27.685
27.680
27.685
27.680
27.675
27.675
27.670
27.678
27.688
27.697
27.692
27.685
27.678
27.682
27.688
27.692
27.697
27.692
27.688
27.682
27.688
27.695
27.695
27.685
27.678
27.682
27.678
27.672
27.668
27.658
27.652
27.648
27.642
27.638
27.642
27.635
27.640
27.635
27.642
27.648
27.652
27.660
27.660
27.668
27.662
27.658
27.652
27.648
27.652
27.648
27.638
27.632
27.638
27.642
27.638
27.642
27.638
27.632
27.638
27.632
27.628
27.622
27.630
27.635
27.642
27.638
27.630
27.638
27.630
27.625
27.620
27.612
27.620
27.620
27.630
27.630
27.635
27.640
27.632
27.645
27.652
27.660
27.652
27.658
27.665
27.672
27.678
27.682
27.688
27.682
27.688
27.702
27.702
27.697
27.702
27.708
27.702
27.697
27.692
27.688
27.680
27.672
27.688
27.682
27.678
27.672
27.678
27.688
27.692
27.685
27.685
27.685
27.678
27.685
27.692
27.688
27.692
27.685
27.680
27.675
27.668
27.675
27.670
27.670
27.662
27.658
27.668
27.675
27.682
27.678
27.672
27.680
27.672
27.678
27.682
27.688
27.692
27.688
27.695
27.685
27.678
27.682
27.688
27.701
27.692
27.697
27.692
27.697
27.702
27.712
27.708
27.722
27.728
27.722
27.715
27.725
27.718
27.712
27.720
27.712
27.722
27.718
27.722
27.732
27.740
27.747
27.752
27.747
27.758
27.762
27.767
27.772
27.782
27.788
27.780
27.770
27.778
27.770
27.775
27.785
27.782
27.775
27.782
27.778
27.772
27.780
27.790
27.790
27.795
27.790
27.795
27.805
27.801
27.792
27.785
27.780
27.785
27.778
27.770
27.765
27.778
27.770
27.788
27.775
27.780
27.772
27.765
27.750
27.750
27.745
27.745
27.738
27.730
27.735
27.750
27.758
27.752
27.747
27.752
27.758
27.752
27.758
27.752
27.758
27.750
27.758
27.752
27.758
27.752
27.742
27.738
27.732
27.728
27.738
27.732
27.738
27.732
27.745
27.752
27.758
27.762
27.755
27.755
27.755
27.762
27.767
27.775
27.788
27.792
27.785
27.792
27.798
27.792
27.788
27.801
27.801
27.795
27.801
27.792
27.788
27.782
27.788
27.792
27.798
27.802
27.798
27.802
27.798
27.802
27.795
27.788
27.782
27.778
27.772
27.782
27.778
27.772
27.778
27.782
27.788
27.792
27.782
27.770
27.775
27.782
27.775
27.770
27.775
27.770
27.770
27.762
27.750
27.755
27.760
27.752
27.758
27.767
27.762
27.767
27.760
27.767
27.762
27.758
27.762
27.767
27.772
27.772
27.762
27.767
27.762
27.770
27.778
27.772
27.778
27.772
27.778
27.772
27.762
27.767
27.772
27.767
27.775
27.775
27.782
27.775
27.770
27.778
27.770
27.762
27.767
27.762
27.767
27.760
27.752
27.758
27.752
27.760
27.767
27.772
27.778
27.772
27.780
27.780
27.792
27.798
27.792
27.798
27.792
27.788
27.792
27.788
27.782
27.788
27.788
27.780
27.788
27.782
27.772
27.778
27.772
27.767
27.762
27.758
27.762
27.758
27.762
27.752
27.742
27.738
27.732
27.738
27.742
27.738
27.732
27.720
27.725
27.720
27.712
27.708
27.702
27.697
27.702
27.708
27.701
27.695
27.705
27.712
27.722
27.718
27.722
27.728
27.722
27.730
27.738
27.732
27.740
27.740
27.730
27.735
27.742
27.747
27.752
27.747
27.752
27.747
27.752
27.747
27.752
27.740
27.750
27.742
27.738
27.732
27.728
27.728
27.718
27.710
27.702
27.708
27.715
27.722
27.728
27.720
27.715
27.708
27.712
27.718
27.712
27.718
27.712
27.705
27.705
27.705
27.692
27.697
27.690
27.695
27.690
27.693
27.692
27.693
27.682
27.678
27.672
27.678
27.685
27.690
27.685
27.680
27.672
27.668
27.668
27.658
27.662
27.658
27.652
27.658
27.652
27.648
27.642
27.648
27.652
27.658
27.650
27.658
27.652
27.648
27.642
27.635
27.635
27.635
27.640
27.640
27.640
27.632
27.638
27.632
27.622
27.618
27.612
27.620
27.615
27.622
27.618
27.622
27.618
27.612
27.618
27.612
27.620
27.615
27.620
27.612
27.618
27.622
27.618
27.622
27.628
27.632
27.638
27.642
27.648
27.642
27.650
27.642
27.638
27.630
27.638
27.630
27.630
27.635
27.628
27.622
27.628
27.632
27.628
27.632
27.638
27.632
27.638
27.642
27.638
27.642
27.638
27.642
27.638
27.642
27.638
27.642
27.650
27.655
27.662
27.658
27.652
27.658
27.652
27.648
27.642
27.648
27.652
27.648
27.655
27.648
27.652
27.658
27.652
27.648
27.652
27.648
27.652
27.658
27.652
27.660
27.660
27.665
27.665
27.658
27.648
27.652
27.648
27.658
27.662
27.668
27.662
27.670
27.678
27.672
27.678
27.672
27.678
27.682
27.688
27.692
27.685
27.692
27.685
27.680
27.675
27.670
27.665
27.670
27.665
27.672
27.678
27.682
27.682
27.672
27.662
27.668
27.672
27.668
27.672
27.668
27.662
27.672
27.668
27.672
27.668
27.672
27.678
27.672
27.668
27.662
27.668
27.672
27.665
27.670
27.678
27.685
27.692
27.701
27.705
27.712
27.705
27.701
27.705
27.705
27.695
27.690
27.695
27.690
27.695
27.702
27.708
27.712
27.705
27.697
27.702
27.697
27.705
27.697
27.697
27.697
27.702
27.708
27.701
27.695
27.702
27.708
27.715
27.715
27.720
27.725
27.718
27.712
27.718
27.732
27.722
27.718
27.710
27.702
27.708
27.702
27.708
27.702
27.697
27.702
27.710
27.702
27.710
27.715
27.710
27.708
27.708
27.712
27.708
27.712
27.718
27.728
27.720
27.732
27.728
27.722
27.718
27.722
27.718
27.722
27.710
27.705
27.712
27.718
27.722
27.730
27.730
27.730
27.738
27.732
27.728
27.722
27.718
27.712
27.718
27.712
27.708
27.715
27.708
27.702
27.702
27.702
27.708
27.702
27.697
27.705
27.705
27.712
27.708
27.701
27.708
27.712
27.708
27.702
27.708
27.702
27.692
27.697
27.692
27.697
27.702
27.697
27.692
27.697
27.702
27.697
27.702
27.697
27.702
27.708
27.701
27.708
27.712
27.720
27.712
27.718
27.712
27.718
27.712
27.708
27.712
27.708
27.712
27.708
27.715
27.720
27.720
27.730
27.722
27.728
27.732
27.728
27.732
27.728
27.722
27.728
27.722
27.718
27.722
27.728
27.718
27.722
27.718
27.712
27.718
27.712
27.708
27.712
27.718
27.708
27.712
27.708
27.712
27.708
27.712
27.708
27.702
27.697
27.702
27.712
27.718
27.722
27.728
27.732
27.728
27.732
27.738
27.742
27.738
27.742
27.738
27.728
27.722
27.728
27.732
27.728
27.722
27.712
27.708
27.712
27.718
27.712
27.718
27.712
27.718
27.722
27.732
27.728
27.722
27.728
27.722
27.715
27.722
27.718
27.712
27.712
27.705
27.705
27.697
27.692
27.688
27.692
27.701
27.701
27.697
27.708
27.702
27.710
27.715
27.720
27.720
27.728
27.720
27.712
27.708
27.712
27.702
27.708
27.712
27.708
27.712
27.708
27.702
27.695
27.688
27.682
27.688
27.682
27.688
27.692
27.688
27.695
27.690
27.702
27.695
27.695
27.690
27.685
27.685
27.675
27.675
27.680
27.685
27.672
27.668
27.662
27.658
27.662
27.658
27.668
27.660
27.660
27.668
27.672
27.668
27.662
27.668
27.672
27.678
27.670
27.670
27.675
27.675
27.680
27.685
27.678
27.672
27.678
27.672
27.678
27.672
27.678
27.672
27.668
27.662
27.655
27.655
27.648
27.642
27.648
27.642
27.638
27.642
27.638
27.632
27.628
27.632
27.638
27.642
27.638
27.642
27.638
27.642
27.638
27.642
27.650
27.640
27.635
27.630
27.635
27.635
27.642
27.642
27.642
27.638
27.648
27.642
27.638
27.642
27.638
27.642
27.648
27.642
27.638
27.628
27.622
27.628
27.622
27.628
27.618
27.622
27.628
27.622
27.628
27.632
27.628
27.627
27.618
27.622
27.618
27.622
27.618
27.628
27.622
27.628
27.622
27.618
27.622
27.628
27.622
27.628
27.632
27.638
27.642
27.638
27.642
27.648
27.642
27.638
27.632
27.628
27.632
27.638
27.642
27.648
27.642
27.648
27.642
27.648
27.642
27.650
27.642
27.638
27.642
27.638
27.632
27.628
27.632
27.628
27.622
27.618
27.622
27.630
27.622
27.628
27.622
27.628
27.622
27.628
27.632
27.628
27.622
27.628
27.632
27.638
27.632
27.628
27.622
27.628
27.622
27.628
27.622
27.628
27.632
27.628
27.622
27.618
27.622
27.618
27.612
27.618
27.612
27.618
27.625
27.632
27.625
27.632
27.628
27.632
27.628
27.632
27.638
27.642
27.648
27.642
27.648
27.635
27.628
27.632
27.628
27.622
27.610
27.618
27.612
27.618
27.622
27.622
27.622
27.618
27.612
27.608
27.602
27.615
27.608
27.612
27.608
27.602
27.608
27.602
27.598
27.602
27.608
27.602
27.598
27.605
27.605
27.601
27.605
27.601
27.595
27.595
27.590
27.582
27.587
27.592
27.587
27.582
27.575
27.585
27.590
27.590
27.582
27.592
27.587
27.578
27.570
27.575
27.580
27.572
27.578
27.582
27.578
27.585
27.578
27.572
27.578
27.582
27.590
27.590
27.601
27.608
27.612
27.608
27.612
27.608
27.612
27.608
27.602
27.595
27.595
27.587
27.582
27.578
27.582
27.587
27.592
27.587
27.592
27.587
27.592
27.598
27.602
27.598
27.592
27.587
27.582
27.587
27.582
27.587
27.580
27.572
27.578
27.572
27.578
27.582
27.578
27.587
27.582
27.587
27.578
27.578
27.568
27.562
27.568
27.562
27.568
27.562
27.558
27.562
27.558
27.562
27.558
27.562
27.558
27.568
27.560
27.555
27.555
27.562
27.558
27.562
27.558
27.552
27.542
27.548
27.542
27.532
27.538
27.532
27.525
27.532
27.528
27.532
27.538
27.532
27.538
27.542
27.548
27.552
27.548
27.542
27.548
27.542
27.548
27.542
27.538
27.532
27.528
27.515
27.513
27.512
27.502
27.510
27.502
27.488
27.497
27.492
27.488
27.480
27.480
27.472
27.472
27.472
27.478
27.472
27.485
27.490
27.490
27.485
27.490
27.497
27.492
27.501
27.510
27.488
27.495
27.488
27.495
27.482
27.488
27.482
27.478
27.482
27.478
27.472
27.478
27.472
27.478
27.472
27.478
27.482
27.488
27.482
27.478
27.485
27.475
27.482
27.492
27.488
27.482
27.488
27.478
27.482
27.488
27.482
27.475
27.468
27.472
27.482
27.488
27.482
27.488
27.482
27.488
27.492
27.488
27.482
27.478
27.472
27.468
27.478
27.482
27.488
27.482
27.475
27.470
27.480
27.480
27.472
27.480
27.485
27.485
27.475
27.470
27.465
27.472
27.468
27.462
27.468
27.462
27.468
27.462
27.468
27.462
27.468
27.472
27.478
27.472
27.468
27.462
27.468
27.478
27.470
27.475
27.480
27.480
27.485
27.485
27.485
27.478
27.472
27.468
27.462
27.468
27.472
27.468
27.472
27.478
27.470
27.480
27.472
27.478
27.485
27.485
27.475
27.475
27.482
27.478
27.472
27.468
27.472
27.478
27.482
27.478
27.472
27.478
27.482
27.478
27.470
27.475
27.480
27.472
27.478
27.472
27.478
27.472
27.468
27.462
27.458
27.462
27.458
27.462
27.468
27.478
27.482
27.475
27.475
27.468
27.462
27.468
27.458
27.458
27.478
27.482
27.478
27.482
27.478
27.482
27.478
27.485
27.490
27.485
27.478
27.482
27.478
27.482
27.478
27.482
27.488
27.482
27.488
27.482
27.488
27.482
27.492
27.497
27.492
27.497
27.488
27.492
27.497
27.502
27.508
27.502
27.508
27.512
27.508
27.512
27.508
27.502
27.497
27.492
27.497
27.492
27.497
27.492
27.497
27.502
27.510
27.515
27.510
27.502
27.512
27.508
27.512
27.508
27.502
27.508
27.502
27.495
27.502
27.508
27.502
27.497
27.492
27.501
27.501
27.495
27.495
27.495
27.508
27.502
27.508
27.495
27.501
27.501
27.501
27.515
27.510
27.510
27.501
27.492
27.497
27.508
27.502
27.497
27.502
27.497
27.492
27.497
27.492
27.497
27.492
27.497
27.492
27.488
27.482
27.488
27.480
27.475
27.468
27.465
27.465
27.460
27.450
27.458
27.462
27.468
27.472
27.468
27.478
27.482
27.478
27.488
27.482
27.478
27.472
27.468
27.462
27.458
27.465
27.458
27.462
27.455
27.462
27.468
27.462
27.468
27.472
27.465
27.470
27.478
27.482
27.488
27.492
27.488
27.492
27.497
27.510
27.497
27.502
27.497
27.492
27.488
27.482
27.488
27.482
27.492
27.488
27.495
27.495
27.490
27.485
27.478
27.482
27.478
27.488
27.482
27.488
27.482
27.478
27.478
27.470
27.475
27.470
27.475
27.468
27.468
27.468
27.458
27.452
27.445
27.445
27.438
27.432
27.428
27.422
27.430
27.435
27.428
27.420
27.428
27.435
27.442
27.435
27.435
27.428
27.435
27.430
27.422
27.428
27.440
27.445
27.445
27.438
27.442
27.435
27.428
27.432
27.428
27.422
27.412
27.408
27.402
27.390
27.385
27.380
27.385
27.390
27.398
27.402
27.398
27.392
27.398
27.405
27.405
27.398
27.405
27.401
27.392
27.388
27.382
27.378
27.382
27.378
27.372
27.368
27.362
27.368
27.372
27.380
27.377
27.380
27.380
27.380
27.380
27.375
27.382
27.388
27.392
27.388
27.382
27.378
27.372
27.368
27.372
27.368
27.362
27.355
27.362
27.355
27.355
27.342
27.352
27.360
27.360
27.350
27.355
27.355
27.342
27.337
27.348
27.355
27.342
27.348
27.342
27.337
27.332
27.342
27.348
27.352
27.358
27.352
27.358
27.352
27.342
27.345
27.337
27.332
27.328
27.337
27.345
27.352
27.348
27.342
27.337
27.342
27.335
27.342
27.335
27.330
27.337
27.350
27.345
27.337
27.345
27.345
27.340
27.345
27.340
27.335
27.342
27.335
27.342
27.332
27.345
27.358
27.362
27.358
27.358
27.368
27.372
27.378
27.372
27.368
27.372
27.365
27.360
27.365
27.360
27.360
27.360
27.368
27.372
27.362
27.368
27.372
27.378
27.368
27.362
27.368
27.360
27.352
27.362
27.358
27.365
27.370
27.375
27.370
27.375
27.380
27.388
27.392
27.388
27.392
27.388
27.392
27.388
27.392
27.401
27.405
27.410
27.405
27.410
27.405
27.395
27.401
27.408
27.418
27.422
27.418
27.422
27.418
27.418
27.418
27.425
27.432
27.428
27.432
27.432
27.442
27.447
27.438
27.442
27.447
27.452
27.458
27.450
27.450
27.442
27.447
27.452
27.458
27.452
27.447
27.442
27.435
27.445
27.440
27.440
27.440
27.430
27.440
27.445
27.440
27.445
27.440
27.430
27.442
27.447
27.442
27.447
27.455
27.455
27.450
27.455
27.455
27.460
27.465
27.460
27.452
27.445
27.452
27.462
27.468
27.462
27.458
27.452
27.447
27.438
27.447
27.442
27.438
27.442
27.447
27.440
27.435
27.428
27.432
27.440
27.435
27.442
27.452
27.458
27.452
27.447
27.447
27.458
27.462
27.452
27.447
27.442
27.447
27.442
27.447
27.452
27.447
27.455
27.462
27.458
27.452
27.458
27.452
27.447
27.452
27.447
27.442
27.438
27.447
27.442
27.447
27.442
27.438
27.442
27.447
27.442
27.447
27.442
27.447
27.452
27.458
27.462
27.468
27.455
27.462
27.458
27.462
27.468
27.462
27.468
27.472
27.478
27.470
27.462
27.458
27.462
27.458
27.462
27.468
27.462
27.458
27.447
27.452
27.447
27.452
27.447
27.442
27.447
27.442
27.435
27.447
27.442
27.438
27.442
27.435
27.430
27.438
27.442
27.438
27.432
27.438
27.432
27.438
27.432
27.438
27.442
27.447
27.438
27.442
27.447
27.442
27.438
27.432
27.438
27.432
27.438
27.445
27.440
27.447
27.438
27.442
27.447
27.442
27.438
27.442
27.438
27.432
27.425
27.432
27.428
27.435
27.428
27.432
27.438
27.442
27.438
27.442
27.438
27.432
27.428
27.432
27.428
27.422
27.428
27.435
27.435
27.435
27.428
27.422
27.428
27.432
27.428
27.432
27.438
27.442
27.447
27.442
27.438
27.442
27.438
27.428
27.432
27.438
27.432
27.438
27.445
27.438
27.432
27.428
27.435
27.442
27.438
27.432
27.438
27.445
27.452
27.458
27.445
27.445
27.438
27.430
27.438
27.442
27.447
27.452
27.447
27.442
27.447
27.452
27.458
27.462
27.458
27.462
27.458
27.462
27.458
27.462
27.458
27.462
27.458
27.452
27.445
27.440
27.432
27.440
27.432
27.438
27.432
27.438
27.432
27.438
27.442
27.438
27.425
27.425
27.430
27.418
27.425
27.430
27.422
27.428
27.432
27.438
27.432
27.428
27.432
27.438
27.442
27.450
27.470
27.475
27.470
27.462
27.462
27.470
27.470
27.460
27.485
27.490
27.480
27.475
27.468
27.462
27.470
27.460
27.468
27.475
27.470
27.465
27.452
27.440
27.440
27.445
27.438
27.445
27.440
27.432
27.428
27.420
27.415
27.410
27.415
27.410
27.415
27.408
27.402
27.408
27.412
27.408
27.412
27.408
27.412
27.402
27.398
27.405
27.410
27.405
27.398
27.402
27.408
27.401
27.392
27.388
27.382
27.378
27.382
27.388
27.392
27.388
27.392
27.388
27.392
27.398
27.402
27.398
27.392
27.398
27.402
27.398
27.392
27.388
27.382
27.388
27.395
27.401
27.401
27.405
27.412
27.408
27.402
27.398
27.392
27.388
27.392
27.388
27.382
27.378
27.370
27.375
27.370
27.358
27.362
27.355
27.362
27.358
27.362
27.372
27.378
27.372
27.378
27.382
27.378
27.372
27.365
27.360
27.360
27.360
27.350
27.355
27.362
27.368
27.360
27.365
27.360
27.355
27.360
27.355
27.360
27.355
27.360
27.355
27.360
27.355
27.350
27.355
27.362
27.350
27.350
27.358
27.352
27.348
27.342
27.337
27.342
27.337
27.332
27.325
27.320
27.325
27.330
27.337
27.330
27.335
27.330
27.337
27.330
27.325
27.320
27.328
27.332
27.325
27.320
27.328
27.322
27.332
27.332
27.325
27.332
27.337
27.330
27.335
27.340
27.348
27.352
27.348
27.352
27.348
27.337
27.330
27.325
27.320
27.325
27.318
27.312
27.308
27.312
27.305
27.312
27.312
27.312
27.308
27.302
27.308
27.308
27.308
27.312
27.305
27.310
27.315
27.310
27.315
27.310
27.315
27.322
27.328
27.322
27.315
27.322
27.328
27.322
27.312
27.305
27.310
27.305
27.310
27.305
27.301
27.301
27.301
27.305
27.301
27.295
27.302
27.298
27.298
27.298
27.302
27.308
27.301
27.288
27.292
27.298
27.292
27.301
27.301
27.295
27.301
27.295
27.301
27.305
27.310
27.305
27.305
27.298
27.302
27.298
27.302
27.292
27.298
27.302
27.295
27.301
27.305
27.310
27.315
27.310
27.318
27.322
27.318
27.322
27.315
27.310
27.315
27.310
27.315
27.322
27.318
27.310
27.312
27.305
27.312
27.302
27.308
27.312
27.305
27.312
27.318
27.312
27.308
27.315
27.325
27.332
27.337
27.342
27.337
27.342
27.337
27.332
27.337
27.342
27.348
27.342
27.355
27.350
27.350
27.345
27.337
27.330
27.325
27.320
27.328
27.322
27.318
27.310
27.310
27.310
27.305
27.301
27.305
27.310
27.302
27.295
27.295
27.302
27.308
27.302
27.310
27.305
27.310
27.318
27.312
27.308
27.302
27.298
27.302
27.308
27.312
27.320
27.320
27.312
27.320
27.312
27.308
27.312
27.305
27.301
27.295
27.301
27.308
27.312
27.308
27.318
27.310
27.305
27.310
27.302
27.308
27.302
27.298
27.290
27.278
27.295
27.301
27.301
27.305
27.295
27.290
27.295
27.308
27.302
27.298
27.305
27.301
27.305
27.310
27.305
27.310
27.315
27.308
27.302
27.298
27.292
27.298
27.302
27.308
27.312
27.318
27.322
27.318
27.322
27.328
27.322
27.318
27.325
27.330
27.322
27.322
27.328
27.332
27.337
27.345
27.350
27.355
27.355
27.362
27.368
27.375
27.380
27.380
27.377
27.385
27.390
27.390
27.385
27.378
27.372
27.372
27.368
27.370
27.360
27.355
27.360
27.368
27.358
27.352
27.352
27.352
27.345
27.340
27.352
27.345
27.352
27.345
27.350
27.345
27.355
27.350
27.355
27.348
27.340
27.345
27.345
27.350
27.342
27.337
27.337
27.350
27.355
27.362
27.355
27.355
27.355
27.360
27.355
27.355
27.355
27.360
27.365
27.370
27.365
27.365
27.355
27.362
27.358
27.362
27.368
27.362
27.358
27.362
27.358
27.365
27.355
27.362
27.368
27.372
27.365
27.365
27.375
27.375
27.375
27.368
27.372
27.378
27.372
27.378
27.382
27.378
27.372
27.378
27.370
27.378
27.382
27.378
27.372
27.378
27.372
27.368
27.362
27.368
27.372
27.368
27.372
27.378
27.372
27.362
27.368
27.372
27.368
27.355
27.355
27.355
27.350
27.358
27.352
27.348
27.352
27.358
27.352
27.358
27.368
27.362
27.368
27.372
27.378
27.372
27.368
27.372
27.378
27.382
27.388
27.380
27.385
27.380
27.368
27.360
27.352
27.358
27.352
27.348
27.352
27.362
27.368
27.362
27.368
27.375
27.382
27.388
27.382
27.378
27.370
27.362
27.368
27.362
27.368
27.360
27.372
27.378
27.372
27.378
27.385
27.385
27.385
27.380
27.375
27.370
27.365
27.358
27.352
27.358
27.362
27.358
27.352
27.358
27.350
27.355
27.362
27.358
27.352
27.358
27.352
27.348
27.352
27.358
27.352
27.348
27.352
27.348
27.352
27.358
27.352
27.358
27.362
27.368
27.372
27.380
27.388
27.392
27.398
27.392
27.398
27.402
27.408
27.401
27.408
27.412
27.408
27.402
27.408
27.412
27.418
27.412
27.408
27.402
27.398
27.392
27.388
27.392
27.401
27.392
27.398
27.392
27.401
27.392
27.398
27.405
27.410
27.415
27.422
27.428
27.422
27.430
27.430
27.430
27.435
27.430
27.447
27.452
27.445
27.452
27.458
27.452
27.445
27.450
27.458
27.452
27.445
27.438
27.442
27.450
27.458
27.452
27.445
27.440
27.445
27.450
27.455
27.450
27.445
27.438
27.442
27.447
27.442
27.447
27.442
27.447
27.442
27.450
27.445
27.450
27.450
27.455
27.450
27.458
27.462
27.447
27.452
27.458
27.452
27.445
27.440
27.440
27.447
27.442
27.450
27.445
27.450
27.445
27.450
27.440
27.445
27.450
27.440
27.440
27.435
27.430
27.425
27.420
27.408
27.398
27.390
27.390
27.390
27.398
27.398
27.398
27.402
27.408
27.412
27.418
27.412
27.408
27.415
27.410
27.415
27.410
27.402
27.398
27.402
27.408
27.401
27.401
27.392
27.398
27.390
27.382
27.378
27.372
27.368
27.372
27.368
27.372
27.368
27.372
27.368
27.372
27.368
27.372
27.378
27.372
27.380
27.380
27.388
27.382
27.378
27.372
27.368
27.372
27.378
27.372
27.380
27.380
27.380
27.375
27.380
27.388
27.392
27.388
27.382
27.388
27.380
27.380
27.388
27.392
27.398
27.392
27.398
27.385
27.378
27.382
27.375
27.375
27.370
27.362
27.368
27.372
27.382
27.378
27.382
27.388
27.392
27.398
27.405
27.410
27.405
27.410
27.405
27.401
27.405
27.405
27.398
27.402
27.398
27.398
27.398
27.390
27.390
27.398
27.390
27.385
27.380
27.388
27.392
27.388
27.395
27.401
27.405
27.398
27.402
27.408
27.402
27.398
27.405
27.412
27.418
27.422
27.418
27.422
27.428
27.422
27.428
27.432
27.428
27.422
27.428
27.432
27.428
27.432
27.438
27.442
27.447
27.455
27.447
27.442
27.450
27.450
27.455
27.450
27.450
27.458
27.452
27.447
27.440
27.432
27.438
27.432
27.438
27.445
27.435
27.440
27.435
27.430
27.438
27.432
27.428
27.422
27.418
27.412
27.418
27.412
27.418
27.412
27.418
27.410
27.415
27.420
27.420
27.428
27.420
27.415
27.415
27.420
27.425
27.418
27.422
27.418
27.422
27.428
27.435
27.435
27.428
27.432
27.428
27.435
27.440
27.435
27.430
27.435
27.430
27.422
27.428
27.432
27.428
27.422
27.428
27.432
27.428
27.422
27.430
27.422
27.418
27.412
27.408
27.412
27.418
27.412
27.418
27.422
27.418
27.412
27.418
27.410
27.410
27.410
27.418
27.422
27.418
27.422
27.418
27.422
27.428
27.428
27.428
27.422
27.415
27.408
27.412
27.418
27.412
27.418
27.422
27.418
27.412
27.418
27.422
27.418
27.422
27.428
27.428
27.425
27.418
27.422
27.418
27.422
27.418
27.412
27.408
27.402
27.408
27.402
27.410
27.402
27.408
27.402
27.395
27.388
27.392
27.398
27.402
27.398
27.402
27.398
27.392
27.398
27.402
27.398
27.392
27.388
27.392
27.388
27.392
27.388
27.392
27.398
27.392
27.398
27.402
27.410
27.410
27.415
27.408
27.402
27.398
27.402
27.398
27.402
27.408
27.412
27.420
27.415
27.415
27.422
27.418
27.412
27.420
27.410
27.418
27.428
27.432
27.420
27.425
27.420
27.415
27.422
27.428
27.432
27.428
27.432
27.438
27.442
27.432
27.422
27.418
27.422
27.418
27.412
27.418
27.422
27.422
27.422
27.418
27.422
27.428
27.415
27.422
27.428
27.420
27.415
27.410
27.410
27.410
27.401
27.392
27.388
27.392
27.398
27.392
27.385
27.390
27.395
27.390
27.382
27.378
27.372
27.378
27.385
27.378
27.385
27.385
27.380
27.385
27.390
27.385
27.380
27.375
27.380
27.385
27.390
27.385
27.392
27.398
27.392
27.388
27.382
27.378
27.382
27.372
27.365
27.370
27.365
27.370
27.378
27.372
27.368
27.372
27.368
27.372
27.368
27.358
27.362
27.368
27.362
27.368
27.362
27.352
27.348
27.352
27.348
27.340
27.350
27.345
27.352
27.348
27.342
27.348
27.352
27.348
27.342
27.348
27.358
27.362
27.358
27.362
27.352
27.352
27.362
27.362
27.368
27.362
27.362
27.355
27.360
27.355
27.360
27.360
27.365
27.372
27.362
27.362
27.368
27.362
27.370
27.360
27.365
27.360
27.358
27.352
27.350
27.352
27.350
27.352
27.348
27.342
27.350
27.345
27.352
27.348
27.342
27.337
27.342
27.337
27.345
27.345
27.340
27.335
27.342
27.337
27.342
27.337
27.332
27.328
27.332
27.322
27.328
27.332
27.328
27.332
27.337
27.332
27.328
27.332
27.328
27.322
27.328
27.322
27.312
27.308
27.312
27.308
27.308
27.308
27.302
27.308
27.302
27.308
27.302
27.298
27.302
27.298
27.290
27.285
27.290
27.295
27.288
27.295
27.301
27.290
27.295
27.301
27.308
27.302
27.308
27.302
27.308
27.302
27.308
27.302
27.295
27.301
27.301
27.292
27.298
27.292
27.298
27.302
27.298
27.302
27.298
27.302
27.298
27.302
27.308
27.302
27.308
27.302
27.308
27.302
27.308
27.312
27.318
27.312
27.308
27.315
27.315
27.322
27.328
27.332
27.325
27.318
27.308
27.301
27.301
27.305
27.310
27.305
27.312
27.318
27.308
27.312
27.308
27.318
27.322
27.318
27.322
27.335
27.328
27.322
27.328
27.332
27.342
27.337
27.332
27.337
27.342
27.337
27.342
27.337
27.330
27.322
27.322
27.318
27.315
27.322
27.322
27.330
27.325
27.330
27.330
27.320
27.322
27.322
27.328
27.322
27.328
27.322
27.330
27.337
27.345
27.340
27.345
27.340
27.352
27.342
27.350
27.342
27.337
27.332
27.337
27.342
27.348
27.352
27.348
27.342
27.348
27.352
27.348
27.352
27.342
27.337
27.332
27.337
27.342
27.348
27.340
27.340
27.348
27.352
27.348
27.358
27.348
27.342
27.348
27.342
27.348
27.352
27.358
27.352
27.358
27.352
27.345
27.350
27.345
27.345
27.345
27.335
27.325
27.320
27.325
27.332
27.328
27.332
27.332
27.332
27.337
27.342
27.337
27.342
27.337
27.332
27.337
27.332
27.328
27.322
27.328
27.322
27.328
27.335
27.328
27.328
27.325
27.325
27.318
27.318
27.325
27.320
27.330
27.322
27.328
27.322
27.328
27.322
27.328
27.335
27.340
27.345
27.352
27.348
27.342
27.348
27.352
27.360
27.368
27.378
27.370
27.378
27.372
27.378
27.372
27.380
27.380
27.372
27.368
27.372
27.368
27.372
27.382
27.378
27.385
27.380
27.375
27.375
27.375
27.375
27.368
27.372
27.378
27.385
27.378
27.372
27.378
27.372
27.365
27.358
27.362
27.370
27.362
27.358
27.362
27.358
27.370
27.375
27.380
27.372
27.382
27.378
27.372
27.368
27.362
27.358
27.352
27.358
27.362
27.358
27.352
27.362
27.370
27.375
27.370
27.365
27.360
27.352
27.358
27.352
27.348
27.342
27.337
27.337
27.337
27.332
27.325
27.332
27.328
27.337
27.332
27.328
27.322
27.328
27.332
27.328
27.322
27.328
27.332
27.328
27.322
27.318
27.310
27.315
27.310
27.310
27.315
27.315
27.308
27.312
27.308
27.302
27.298
27.292
27.288
27.282
27.278
27.272
27.278
27.288
27.292
27.301
27.292
27.288
27.282
27.275
27.275
27.275
27.275
27.267
27.262
27.270
27.275
27.282
27.290
27.282
27.278
27.272
27.262
27.255
27.247
27.252
27.252
27.250
27.245
27.245
27.255
27.247
27.252
27.247
27.242
27.238
27.245
27.235
27.235
27.237
27.235
27.235
27.240
27.245
27.252
27.242
27.250
27.245
27.252
27.245
27.250
27.242
27.250
27.255
27.265
27.265
27.258
27.262
27.255
27.250
27.255
27.250
27.258
27.258
27.258
27.262
27.262
27.270
27.275
27.275
27.275
27.270
27.265
27.260
27.252
27.247
27.242
27.247
27.242
27.247
27.242
27.242
27.242
27.247
27.242
27.250
27.260
27.260
27.255
27.247
27.242
27.250
27.258
27.252
27.260
27.270
27.265
27.265
27.272
27.278
27.288
27.278
27.272
27.280
27.272
27.278
27.272
27.267
27.272
27.267
27.278
27.272
27.267
27.272
27.278
27.272
27.262
27.267
27.272
27.267
27.262
27.263
27.267
27.270
27.265
27.263
27.262
27.258
27.252
27.258
27.265
27.265
27.258
27.252
27.258
27.252
27.247
27.242
27.250
27.242
27.247
27.242
27.247
27.242
27.247
27.260
27.260
27.255
27.262
27.267
27.262
27.258
27.265
27.270
27.278
27.270
27.265
27.260
27.255
27.245
27.245
27.245
27.250
27.255
27.250
27.242
27.238
27.242
27.247
27.242
27.238
27.242
27.238
27.232
27.245
27.250
27.255
27.247
27.242
27.252
27.260
27.255
27.260
27.255
27.255
27.255
27.260
27.267
27.262
27.267
27.272
27.267
27.262
27.258
27.252
27.258
27.252
27.258
27.270
27.262
27.258
27.252
27.260
27.255
27.247
27.242
27.247
27.242
27.247
27.242
27.247
27.240
27.235
27.235
27.230
27.220
27.225
27.220
27.225
27.235
27.235
27.228
27.215
27.222
27.218
27.225
27.218
27.212
27.220
27.220
27.215
27.215
27.220
27.215
27.215
27.215
27.210
27.205
27.210
27.201
27.201
27.192
27.188
27.192
27.197
27.205
27.197
27.205
27.197
27.192
27.188
27.182
27.178
27.172
27.178
27.185
27.190
27.185
27.190
27.195
27.195
27.195
27.210
27.202
27.208
27.218
27.208
27.212
27.208
27.197
27.192
27.197
27.202
27.197
27.205
27.210
27.205
27.201
27.208
27.202
27.192
27.188
27.182
27.188
27.192
27.188
27.195
27.190
27.185
27.190
27.182
27.178
27.182
27.188
27.182
27.188
27.182
27.188
27.192
27.197
27.192
27.182
27.178
27.172
27.178
27.172
27.172
27.172
27.168
27.162
27.158
27.152
27.152
27.142
27.148
27.142
27.135
27.128
27.127
27.128
27.132
27.128
27.122
27.115
27.105
27.095
27.087
27.085
27.078
27.092
27.087
27.098
27.102
27.102
27.105
27.108
27.118
27.110
27.120
27.120
27.128
27.135
27.135
27.128
27.120
27.128
27.132
27.148
27.142
27.150
27.155
27.150
27.155
27.155
27.155
27.168
27.160
27.155
27.168
27.162
27.168
27.158
27.170
27.175
27.180
27.185
27.180
27.180
27.170
27.160
27.152
27.158
27.158
27.158
27.152
27.158
27.170
27.175
27.190
27.182
27.178
27.168
27.175
27.180
27.180
27.172
27.178
27.182
27.178
27.182
27.172
27.168
27.162
27.155
27.150
27.158
27.152
27.158
27.148
27.152
27.152
27.142
27.135
27.140
27.145
27.140
27.145
27.140
27.145
27.140
27.135
27.130
27.138
27.142
27.150
27.138
27.138
27.130
27.138
27.128
27.138
27.130
27.135
27.130
27.125
27.130
27.130
27.122
27.118
27.122
27.118
27.112
27.120
27.115
27.110
27.110
27.118
27.112
27.108
27.098
27.105
27.110
27.118
27.110
27.115
27.110
27.102
27.098
27.102
27.110
27.110
27.101
27.101
27.092
27.101
27.105
27.098
27.098
27.108
27.102
27.108
27.115
27.110
27.101
27.108
27.115
27.108
27.108
27.108
27.112
27.108
27.095
27.095
27.098
27.087
27.098
27.092
27.092
27.101
27.095
27.095
27.098
27.087
27.082
27.087
27.092
27.092
27.092
27.101
27.105
27.118
27.110
27.105
27.110
27.102
27.098
27.102
27.098
27.102
27.112
27.108
27.102
27.098
27.108
27.102
27.108
27.108
27.115
27.110
27.105
27.110
27.105
27.105
27.120
27.128
27.122
27.132
27.128
27.122
27.128
27.138
27.125
27.130
27.125
27.125
27.132
27.128
27.127
27.120
27.112
27.108
27.112
27.108
27.120
27.120
27.120
27.115
27.110
27.110
27.115
27.108
27.112
27.118
27.122
27.118
27.112
27.118
27.112
27.122
27.128
27.132
27.125
27.125
27.132
27.138
27.142
27.148
27.152
27.152
27.155
27.160
27.168
27.172
27.168
27.180
27.175
27.182
27.175
27.190
27.195
27.190
27.195
27.195
27.195
27.182
27.178
27.182
27.175
27.182
27.178
27.172
27.168
27.172
27.178
27.172
27.180
27.175
27.175
27.170
27.175
27.170
27.175
27.170
27.175
27.170
27.170
27.178
27.182
27.188
27.182
27.175
27.210
27.218
27.210
27.210
27.210
27.215
27.215
27.215
27.220
27.220
27.230
27.222
27.228
27.222
27.230
27.228
27.218
27.212
27.220
27.220
27.228
27.222
27.228
27.222
27.232
27.228
27.232
27.228
27.232
27.238
27.242
27.252
27.258
27.245
27.240
27.232
27.238
27.230
27.235
27.230
27.235
27.228
27.220
27.228
27.218
27.225
27.220
27.212
27.218
27.212
27.218
27.212
27.218
27.212
27.208
27.212
27.208
27.215
27.210
27.218
27.212
27.208
27.218
27.218
27.218
27.228
27.232
27.225
27.232
27.228
27.232
27.228
